1.45519E-11 0.00000E+00
8.73115E-11 0.00000E+00
3.05590E-10 0.00000E+00
8.14907E-10 0.00000E+00
1.83354E-09 0.00000E+00
3.66708E-09 0.00000E+00
6.72298E-09 0.00000E+00
1.15251E-08 0.00000E+00
1.87283E-08 0.00000E+00
2.91329E-08 0.00000E+00
4.36994E-08 0.00000E+00
6.35628E-08 0.00000E+00
9.00473E-08 0.00000E+00
1.24681E-07 0.00000E+00
1.69210E-07 0.00000E+00
2.25613E-07 0.00000E+00
2.96117E-07 0.00000E+00
3.83210E-07 0.00000E+00
4.89657E-07 0.00000E+00
6.18515E-07 0.00000E+00
7.73143E-07 0.00000E+00
9.57225E-07 0.00000E+00
1.17478E-06 0.00000E+00
1.43016E-06 0.00000E+00
1.72811E-06 0.00000E+00
2.07374E-06 0.00000E+00
2.47253E-06 0.00000E+00
2.93041E-06 0.00000E+00
3.45369E-06 0.00000E+00
4.04916E-06 0.00000E+00
4.72402E-06 0.00000E+00
5.48596E-06 0.00000E+00
6.34314E-06 0.00000E+00
7.30422E-06 0.00000E+00
8.37837E-06 0.00000E+00
9.57528E-06 0.00000E+00
1.09052E-05 0.00000E+00
1.23788E-05 0.00000E+00
1.40076E-05 0.00000E+00
1.58035E-05 0.00000E+00
1.77789E-05 0.00000E+00
1.99471E-05 0.00000E+00
2.23218E-05 0.00000E+00
2.49173E-05 0.00000E+00
2.77488E-05 0.00000E+00
3.08320E-05 0.00000E+00
3.41833E-05 0.00000E+00
3.78198E-05 0.00000E+00
4.17594E-05 0.00000E+00
4.60206E-05 0.00000E+00
5.06226E-05 0.00000E+00
5.55856E-05 0.00000E+00
6.09304E-05 0.00000E+00
6.66786E-05 0.00000E+00
7.28525E-05 0.00000E+00
7.94755E-05 0.00000E+00
8.65715E-05 0.00000E+00
9.41655E-05 0.00000E+00
1.02283E-04 0.00000E+00
1.10951E-04 0.00000E+00
1.20197E-04 0.00000E+00
1.30049E-04 0.00000E+00
1.40537E-04 0.00000E+00
1.51691E-04 0.00000E+00
1.63542E-04 0.00000E+00
1.76122E-04 0.00000E+00
1.89463E-04 0.00000E+00
2.03599E-04 0.00000E+00
2.18564E-04 0.00000E+00
2.34391E-04 0.00000E+00
2.51117E-04 0.00000E+00
2.68775E-04 0.00000E+00
2.87402E-04 0.00000E+00
3.07032E-04 0.00000E+00
3.27702E-04 0.00000E+00
3.49447E-04 0.00000E+00
3.72303E-04 0.00000E+00
3.96306E-04 0.00000E+00
4.21491E-04 0.00000E+00
4.47893E-04 0.00000E+00
4.75548E-04 0.00000E+00
5.04490E-04 0.00000E+00
5.34753E-04 0.00000E+00
5.66371E-04 0.00000E+00
5.99377E-04 0.00000E+00
6.33803E-04 0.00000E+00
6.69680E-04 0.00000E+00
7.07040E-04 0.00000E+00
7.45913E-04 0.00000E+00
7.86327E-04 0.00000E+00
8.28310E-04 0.00000E+00
8.71890E-04 0.00000E+00
9.17091E-04 0.00000E+00
9.63938E-04 0.00000E+00
1.01245E-03 0.00000E+00
1.06266E-03 0.00000E+00
1.11458E-03 0.00000E+00
1.16823E-03 0.00000E+00
1.22362E-03 0.00000E+00
1.28078E-03 0.00000E+00
1.33971E-03 0.00000E+00
1.40043E-03 0.00000E+00
1.46295E-03 0.00000E+00
1.52727E-03 0.00000E+00
1.59340E-03 0.00000E+00
1.66135E-03 0.00000E+00
1.73111E-03 0.00000E+00
1.80269E-03 0.00000E+00
1.87608E-03 0.00000E+00
1.95128E-03 0.00000E+00
2.02827E-03 0.00000E+00
2.10706E-03 0.00000E+00
2.18761E-03 0.00000E+00
2.26993E-03 0.00000E+00
2.35399E-03 0.00000E+00
2.43976E-03 0.00000E+00
2.52723E-03 0.00000E+00
2.61637E-03 0.00000E+00
2.70714E-03 0.00000E+00
2.79951E-03 0.00000E+00
2.89345E-03 0.00000E+00
2.98891E-03 0.00000E+00
3.08586E-03 0.00000E+00
3.18424E-03 0.00000E+00
3.28400E-03 0.00000E+00
3.38510E-03 0.00000E+00
3.48746E-03 0.00000E+00
3.59104E-03 0.00000E+00
3.69576E-03 0.00000E+00
3.80156E-03 0.00000E+00
3.90837E-03 0.00000E+00
4.01611E-03 0.00000E+00
4.12469E-03 0.00000E+00
4.23405E-03 0.00000E+00
4.34410E-03 0.00000E+00
4.45475E-03 0.00000E+00
4.56592E-03 0.00000E+00
4.67751E-03 0.00000E+00
4.78943E-03 0.00000E+00
4.90158E-03 0.00000E+00
5.01387E-03 0.00000E+00
5.12621E-03 0.00000E+00
5.23848E-03 0.00000E+00
5.35059E-03 0.00000E+00
5.46244E-03 0.00000E+00
5.57393E-03 0.00000E+00
5.68494E-03 0.00000E+00
5.79537E-03 0.00000E+00
5.90512E-03 0.00000E+00
6.01409E-03 0.00000E+00
6.12215E-03 0.00000E+00
6.22921E-03 0.00000E+00
6.33517E-03 0.00000E+00
6.43990E-03 0.00000E+00
6.54331E-03 0.00000E+00
6.64528E-03 0.00000E+00
6.74572E-03 0.00000E+00
6.84451E-03 0.00000E+00
6.94156E-03 0.00000E+00
7.03675E-03 0.00000E+00
7.12999E-03 0.00000E+00
7.22117E-03 0.00000E+00
7.31019E-03 0.00000E+00
7.39696E-03 0.00000E+00
7.48138E-03 0.00000E+00
7.56334E-03 0.00000E+00
7.64277E-03 0.00000E+00
7.71957E-03 0.00000E+00
7.79364E-03 0.00000E+00
7.86491E-03 0.00000E+00
7.93328E-03 0.00000E+00
7.99868E-03 0.00000E+00
8.06103E-03 0.00000E+00
8.12026E-03 0.00000E+00
8.17628E-03 0.00000E+00
8.22904E-03 0.00000E+00
8.27846E-03 0.00000E+00
8.32448E-03 0.00000E+00
8.36705E-03 0.00000E+00
8.40611E-03 0.00000E+00
8.44161E-03 0.00000E+00
8.47351E-03 0.00000E+00
8.50175E-03 0.00000E+00
8.52631E-03 0.00000E+00
8.54715E-03 0.00000E+00
8.56423E-03 0.00000E+00
8.57755E-03 0.00000E+00
8.58708E-03 0.00000E+00
8.59280E-03 0.00000E+00
8.59470E-03 0.00000E+00
8.59280E-03 0.00000E+00
8.58708E-03 0.00000E+00
8.57755E-03 0.00000E+00
8.56423E-03 0.00000E+00
8.54715E-03 0.00000E+00
8.52631E-03 0.00000E+00
8.50175E-03 0.00000E+00
8.47351E-03 0.00000E+00
8.44161E-03 0.00000E+00
8.40611E-03 0.00000E+00
8.36705E-03 0.00000E+00
8.32448E-03 0.00000E+00
8.27846E-03 0.00000E+00
8.22904E-03 0.00000E+00
8.17628E-03 0.00000E+00
8.12026E-03 0.00000E+00
8.06103E-03 0.00000E+00
7.99868E-03 0.00000E+00
7.93328E-03 0.00000E+00
7.86491E-03 0.00000E+00
7.79364E-03 0.00000E+00
7.71957E-03 0.00000E+00
7.64277E-03 0.00000E+00
7.56334E-03 0.00000E+00
7.48138E-03 0.00000E+00
7.39696E-03 0.00000E+00
7.31019E-03 0.00000E+00
7.22117E-03 0.00000E+00
7.12999E-03 0.00000E+00
7.03675E-03 0.00000E+00
6.94156E-03 0.00000E+00
6.84451E-03 0.00000E+00
6.74572E-03 0.00000E+00
6.64528E-03 0.00000E+00
6.54331E-03 0.00000E+00
6.43990E-03 0.00000E+00
6.33517E-03 0.00000E+00
6.22921E-03 0.00000E+00
6.12215E-03 0.00000E+00
6.01409E-03 0.00000E+00
5.90512E-03 0.00000E+00
5.79537E-03 0.00000E+00
5.68494E-03 0.00000E+00
5.57393E-03 0.00000E+00
5.46244E-03 0.00000E+00
5.35059E-03 0.00000E+00
5.23848E-03 0.00000E+00
5.12621E-03 0.00000E+00
5.01387E-03 0.00000E+00
4.90158E-03 0.00000E+00
4.78943E-03 0.00000E+00
4.67751E-03 0.00000E+00
4.56592E-03 0.00000E+00
4.45475E-03 0.00000E+00
4.34410E-03 0.00000E+00
4.23405E-03 0.00000E+00
4.12469E-03 0.00000E+00
4.01611E-03 0.00000E+00
3.90837E-03 0.00000E+00
3.80156E-03 0.00000E+00
3.69576E-03 0.00000E+00
3.59104E-03 0.00000E+00
3.48746E-03 0.00000E+00
3.38510E-03 0.00000E+00
3.28400E-03 0.00000E+00
3.18424E-03 0.00000E+00
3.08586E-03 0.00000E+00
2.98891E-03 0.00000E+00
2.89345E-03 0.00000E+00
2.79951E-03 0.00000E+00
2.70714E-03 0.00000E+00
2.61637E-03 0.00000E+00
2.52723E-03 0.00000E+00
2.43976E-03 0.00000E+00
2.35399E-03 0.00000E+00
2.26993E-03 0.00000E+00
2.18761E-03 0.00000E+00
2.10706E-03 0.00000E+00
2.02827E-03 0.00000E+00
1.95128E-03 0.00000E+00
1.87608E-03 0.00000E+00
1.80269E-03 0.00000E+00
1.73111E-03 0.00000E+00
1.66135E-03 0.00000E+00
1.59340E-03 0.00000E+00
1.52727E-03 0.00000E+00
1.46295E-03 0.00000E+00
1.40043E-03 0.00000E+00
1.33971E-03 0.00000E+00
1.28078E-03 0.00000E+00
1.22362E-03 0.00000E+00
1.16823E-03 0.00000E+00
1.11458E-03 0.00000E+00
1.06266E-03 0.00000E+00
1.01245E-03 0.00000E+00
9.63938E-04 0.00000E+00
9.17091E-04 0.00000E+00
8.71890E-04 0.00000E+00
8.28310E-04 0.00000E+00
7.86327E-04 0.00000E+00
7.45913E-04 0.00000E+00
7.07040E-04 0.00000E+00
6.69680E-04 0.00000E+00
6.33803E-04 0.00000E+00
5.99377E-04 0.00000E+00
5.66371E-04 0.00000E+00
5.34753E-04 0.00000E+00
5.04490E-04 0.00000E+00
4.75548E-04 0.00000E+00
4.47893E-04 0.00000E+00
4.21491E-04 0.00000E+00
3.96306E-04 0.00000E+00
3.72303E-04 0.00000E+00
3.49447E-04 0.00000E+00
3.27702E-04 0.00000E+00
3.07032E-04 0.00000E+00
2.87402E-04 0.00000E+00
2.68775E-04 0.00000E+00
2.51117E-04 0.00000E+00
2.34391E-04 0.00000E+00
2.18564E-04 0.00000E+00
2.03599E-04 0.00000E+00
1.89463E-04 0.00000E+00
1.76122E-04 0.00000E+00
1.63542E-04 0.00000E+00
1.51691E-04 0.00000E+00
1.40537E-04 0.00000E+00
1.30049E-04 0.00000E+00
1.20197E-04 0.00000E+00
1.10951E-04 0.00000E+00
1.02283E-04 0.00000E+00
9.41655E-05 0.00000E+00
8.65715E-05 0.00000E+00
7.94755E-05 0.00000E+00
7.28525E-05 0.00000E+00
6.66786E-05 0.00000E+00
6.09304E-05 0.00000E+00
5.55856E-05 0.00000E+00
5.06226E-05 0.00000E+00
4.60206E-05 0.00000E+00
4.17594E-05 0.00000E+00
3.78198E-05 0.00000E+00
3.41833E-05 0.00000E+00
3.08320E-05 0.00000E+00
2.77488E-05 0.00000E+00
2.49173E-05 0.00000E+00
2.23218E-05 0.00000E+00
1.99471E-05 0.00000E+00
1.77789E-05 0.00000E+00
1.58035E-05 0.00000E+00
1.40076E-05 0.00000E+00
1.23788E-05 0.00000E+00
1.09052E-05 0.00000E+00
9.57528E-06 0.00000E+00
8.37837E-06 0.00000E+00
7.30422E-06 0.00000E+00
6.34314E-06 0.00000E+00
5.48596E-06 0.00000E+00
4.72402E-06 0.00000E+00
4.04916E-06 0.00000E+00
3.45369E-06 0.00000E+00
2.93041E-06 0.00000E+00
2.47253E-06 0.00000E+00
2.07374E-06 0.00000E+00
1.72811E-06 0.00000E+00
1.43016E-06 0.00000E+00
1.17478E-06 0.00000E+00
9.57225E-07 0.00000E+00
7.73143E-07 0.00000E+00
6.18515E-07 0.00000E+00
4.89657E-07 0.00000E+00
3.83210E-07 0.00000E+00
2.96117E-07 0.00000E+00
2.25613E-07 0.00000E+00
1.69210E-07 0.00000E+00
1.24681E-07 0.00000E+00
9.00473E-08 0.00000E+00
6.35628E-08 0.00000E+00
4.36994E-08 0.00000E+00
2.91329E-08 0.00000E+00
1.87283E-08 0.00000E+00
1.15251E-08 0.00000E+00
6.72298E-09 0.00000E+00
3.66708E-09 0.00000E+00
1.83354E-09 0.00000E+00
8.14907E-10 0.00000E+00
3.05590E-10 0.00000E+00
8.73115E-11 0.00000E+00
1.45519E-11 0.00000E+00
