3.33333E-02 0.00000E+00
3.33333E-02 0.00000E+00
3.33333E-02 0.00000E+00
3.33333E-02 0.00000E+00
3.33333E-02 0.00000E+00
3.33333E-02 0.00000E+00
3.33333E-02 0.00000E+00
3.33333E-02 0.00000E+00
3.33333E-02 0.00000E+00
3.33333E-02 0.00000E+00
3.33333E-02 0.00000E+00
3.33333E-02 0.00000E+00
3.33333E-02 0.00000E+00
3.33333E-02 0.00000E+00
3.33333E-02 0.00000E+00
3.33333E-02 0.00000E+00
3.33333E-02 0.00000E+00
3.33333E-02 0.00000E+00
3.33333E-02 0.00000E+00
3.33333E-02 0.00000E+00
3.33333E-02 0.00000E+00
3.33333E-02 0.00000E+00
3.33333E-02 0.00000E+00
3.33333E-02 0.00000E+00
3.33333E-02 0.00000E+00
3.33333E-02 0.00000E+00
3.33333E-02 0.00000E+00
3.33333E-02 0.00000E+00
3.33333E-02 0.00000E+00
3.33333E-02 0.00000E+00
