2.44141E-04 0.00000E+00
9.76562E-04 0.00000E+00
2.44141E-03 0.00000E+00
4.88281E-03 0.00000E+00
8.54492E-03 0.00000E+00
1.36719E-02 0.00000E+00
2.05078E-02 0.00000E+00
2.92969E-02 0.00000E+00
3.93066E-02 0.00000E+00
4.98047E-02 0.00000E+00
6.00586E-02 0.00000E+00
6.93359E-02 0.00000E+00
7.69043E-02 0.00000E+00
8.20312E-02 0.00000E+00
8.39844E-02 0.00000E+00
8.20312E-02 0.00000E+00
7.69043E-02 0.00000E+00
6.93359E-02 0.00000E+00
6.00586E-02 0.00000E+00
4.98047E-02 0.00000E+00
3.93066E-02 0.00000E+00
2.92969E-02 0.00000E+00
2.05078E-02 0.00000E+00
1.36719E-02 0.00000E+00
8.54492E-03 0.00000E+00
4.88281E-03 0.00000E+00
2.44141E-03 0.00000E+00
9.76562E-04 0.00000E+00
2.44141E-04 0.00000E+00
