9.53674E-07 0.00000E+00
3.81470E-06 0.00000E+00
9.53674E-06 0.00000E+00
1.90735E-05 0.00000E+00
3.33786E-05 0.00000E+00
5.34058E-05 0.00000E+00
8.01086E-05 0.00000E+00
1.14441E-04 0.00000E+00
1.57356E-04 0.00000E+00
2.09808E-04 0.00000E+00
2.72751E-04 0.00000E+00
3.47137E-04 0.00000E+00
4.33922E-04 0.00000E+00
5.34058E-04 0.00000E+00
6.48499E-04 0.00000E+00
7.78198E-04 0.00000E+00
9.24110E-04 0.00000E+00
1.08719E-03 0.00000E+00
1.26839E-03 0.00000E+00
1.46866E-03 0.00000E+00
1.68896E-03 0.00000E+00
1.93024E-03 0.00000E+00
2.19345E-03 0.00000E+00
2.47955E-03 0.00000E+00
2.78950E-03 0.00000E+00
3.12424E-03 0.00000E+00
3.48473E-03 0.00000E+00
3.87192E-03 0.00000E+00
4.28677E-03 0.00000E+00
4.73022E-03 0.00000E+00
5.20325E-03 0.00000E+00
5.70679E-03 0.00000E+00
6.23798E-03 0.00000E+00
6.79398E-03 0.00000E+00
7.37190E-03 0.00000E+00
7.96890E-03 0.00000E+00
8.58212E-03 0.00000E+00
9.20868E-03 0.00000E+00
9.84573E-03 0.00000E+00
1.04904E-02 0.00000E+00
1.11399E-02 0.00000E+00
1.17912E-02 0.00000E+00
1.24416E-02 0.00000E+00
1.30882E-02 0.00000E+00
1.37281E-02 0.00000E+00
1.43585E-02 0.00000E+00
1.49765E-02 0.00000E+00
1.55792E-02 0.00000E+00
1.61638E-02 0.00000E+00
1.67274E-02 0.00000E+00
1.72672E-02 0.00000E+00
1.77803E-02 0.00000E+00
1.82638E-02 0.00000E+00
1.87149E-02 0.00000E+00
1.91307E-02 0.00000E+00
1.95084E-02 0.00000E+00
1.98450E-02 0.00000E+00
2.01378E-02 0.00000E+00
2.03838E-02 0.00000E+00
2.05803E-02 0.00000E+00
2.07243E-02 0.00000E+00
2.08130E-02 0.00000E+00
2.08435E-02 0.00000E+00
2.08130E-02 0.00000E+00
2.07243E-02 0.00000E+00
2.05803E-02 0.00000E+00
2.03838E-02 0.00000E+00
2.01378E-02 0.00000E+00
1.98450E-02 0.00000E+00
1.95084E-02 0.00000E+00
1.91307E-02 0.00000E+00
1.87149E-02 0.00000E+00
1.82638E-02 0.00000E+00
1.77803E-02 0.00000E+00
1.72672E-02 0.00000E+00
1.67274E-02 0.00000E+00
1.61638E-02 0.00000E+00
1.55792E-02 0.00000E+00
1.49765E-02 0.00000E+00
1.43585E-02 0.00000E+00
1.37281E-02 0.00000E+00
1.30882E-02 0.00000E+00
1.24416E-02 0.00000E+00
1.17912E-02 0.00000E+00
1.11399E-02 0.00000E+00
1.04904E-02 0.00000E+00
9.84573E-03 0.00000E+00
9.20868E-03 0.00000E+00
8.58212E-03 0.00000E+00
7.96890E-03 0.00000E+00
7.37190E-03 0.00000E+00
6.79398E-03 0.00000E+00
6.23798E-03 0.00000E+00
5.70679E-03 0.00000E+00
5.20325E-03 0.00000E+00
4.73022E-03 0.00000E+00
4.28677E-03 0.00000E+00
3.87192E-03 0.00000E+00
3.48473E-03 0.00000E+00
3.12424E-03 0.00000E+00
2.78950E-03 0.00000E+00
2.47955E-03 0.00000E+00
2.19345E-03 0.00000E+00
1.93024E-03 0.00000E+00
1.68896E-03 0.00000E+00
1.46866E-03 0.00000E+00
1.26839E-03 0.00000E+00
1.08719E-03 0.00000E+00
9.24110E-04 0.00000E+00
7.78198E-04 0.00000E+00
6.48499E-04 0.00000E+00
5.34058E-04 0.00000E+00
4.33922E-04 0.00000E+00
3.47137E-04 0.00000E+00
2.72751E-04 0.00000E+00
2.09808E-04 0.00000E+00
1.57356E-04 0.00000E+00
1.14441E-04 0.00000E+00
8.01086E-05 0.00000E+00
5.34058E-05 0.00000E+00
3.33786E-05 0.00000E+00
1.90735E-05 0.00000E+00
9.53674E-06 0.00000E+00
3.81470E-06 0.00000E+00
9.53674E-07 0.00000E+00
