3.81470E-12 0.00000E+00
2.28882E-11 0.00000E+00
8.01086E-11 0.00000E+00
2.13623E-10 0.00000E+00
4.80652E-10 0.00000E+00
9.61304E-10 0.00000E+00
1.76239E-09 0.00000E+00
3.02124E-09 0.00000E+00
4.90952E-09 0.00000E+00
7.63702E-09 0.00000E+00
1.14555E-08 0.00000E+00
1.66626E-08 0.00000E+00
2.36053E-08 0.00000E+00
3.26843E-08 0.00000E+00
4.43573E-08 0.00000E+00
5.91431E-08 0.00000E+00
7.76253E-08 0.00000E+00
1.00456E-07 0.00000E+00
1.28361E-07 0.00000E+00
1.62140E-07 0.00000E+00
2.02675E-07 0.00000E+00
2.50931E-07 0.00000E+00
3.07961E-07 0.00000E+00
3.74908E-07 0.00000E+00
4.53014E-07 0.00000E+00
5.43617E-07 0.00000E+00
6.48159E-07 0.00000E+00
7.68188E-07 0.00000E+00
9.05365E-07 0.00000E+00
1.06146E-06 0.00000E+00
1.23837E-06 0.00000E+00
1.43811E-06 0.00000E+00
1.66282E-06 0.00000E+00
1.91476E-06 0.00000E+00
2.19634E-06 0.00000E+00
2.51010E-06 0.00000E+00
2.85873E-06 0.00000E+00
3.24504E-06 0.00000E+00
3.67202E-06 0.00000E+00
4.14279E-06 0.00000E+00
4.66064E-06 0.00000E+00
5.22901E-06 0.00000E+00
5.85151E-06 0.00000E+00
6.53192E-06 0.00000E+00
7.27419E-06 0.00000E+00
8.08243E-06 0.00000E+00
8.96095E-06 0.00000E+00
9.91425E-06 0.00000E+00
1.09470E-05 0.00000E+00
1.20640E-05 0.00000E+00
1.32704E-05 0.00000E+00
1.45714E-05 0.00000E+00
1.59725E-05 0.00000E+00
1.74794E-05 0.00000E+00
1.90978E-05 0.00000E+00
2.08340E-05 0.00000E+00
2.26942E-05 0.00000E+00
2.46849E-05 0.00000E+00
2.68129E-05 0.00000E+00
2.90852E-05 0.00000E+00
3.15090E-05 0.00000E+00
3.40917E-05 0.00000E+00
3.68410E-05 0.00000E+00
3.97649E-05 0.00000E+00
4.28715E-05 0.00000E+00
4.61693E-05 0.00000E+00
4.96670E-05 0.00000E+00
5.33735E-05 0.00000E+00
5.72980E-05 0.00000E+00
6.14501E-05 0.00000E+00
6.58393E-05 0.00000E+00
7.04759E-05 0.00000E+00
7.53701E-05 0.00000E+00
8.05324E-05 0.00000E+00
8.59738E-05 0.00000E+00
9.17054E-05 0.00000E+00
9.77386E-05 0.00000E+00
1.04085E-04 0.00000E+00
1.10757E-04 0.00000E+00
1.17767E-04 0.00000E+00
1.25128E-04 0.00000E+00
1.32852E-04 0.00000E+00
1.40952E-04 0.00000E+00
1.49442E-04 0.00000E+00
1.58336E-04 0.00000E+00
1.67647E-04 0.00000E+00
1.77390E-04 0.00000E+00
1.87578E-04 0.00000E+00
1.98225E-04 0.00000E+00
2.09347E-04 0.00000E+00
2.20957E-04 0.00000E+00
2.33070E-04 0.00000E+00
2.45700E-04 0.00000E+00
2.58863E-04 0.00000E+00
2.72573E-04 0.00000E+00
2.86844E-04 0.00000E+00
3.01692E-04 0.00000E+00
3.17130E-04 0.00000E+00
3.33173E-04 0.00000E+00
3.49836E-04 0.00000E+00
3.67134E-04 0.00000E+00
3.85079E-04 0.00000E+00
4.03687E-04 0.00000E+00
4.22972E-04 0.00000E+00
4.42946E-04 0.00000E+00
4.63625E-04 0.00000E+00
4.85021E-04 0.00000E+00
5.07147E-04 0.00000E+00
5.30016E-04 0.00000E+00
5.53641E-04 0.00000E+00
5.78035E-04 0.00000E+00
6.03209E-04 0.00000E+00
6.29175E-04 0.00000E+00
6.55944E-04 0.00000E+00
6.83528E-04 0.00000E+00
7.11937E-04 0.00000E+00
7.41181E-04 0.00000E+00
7.71271E-04 0.00000E+00
8.02215E-04 0.00000E+00
8.34022E-04 0.00000E+00
8.66702E-04 0.00000E+00
9.00261E-04 0.00000E+00
9.34708E-04 0.00000E+00
9.70049E-04 0.00000E+00
1.00629E-03 0.00000E+00
1.04344E-03 0.00000E+00
1.08150E-03 0.00000E+00
1.12047E-03 0.00000E+00
1.16037E-03 0.00000E+00
1.20119E-03 0.00000E+00
1.24293E-03 0.00000E+00
1.28561E-03 0.00000E+00
1.32921E-03 0.00000E+00
1.37374E-03 0.00000E+00
1.41920E-03 0.00000E+00
1.46559E-03 0.00000E+00
1.51291E-03 0.00000E+00
1.56115E-03 0.00000E+00
1.61031E-03 0.00000E+00
1.66039E-03 0.00000E+00
1.71138E-03 0.00000E+00
1.76328E-03 0.00000E+00
1.81607E-03 0.00000E+00
1.86975E-03 0.00000E+00
1.92432E-03 0.00000E+00
1.97976E-03 0.00000E+00
2.03606E-03 0.00000E+00
2.09321E-03 0.00000E+00
2.15120E-03 0.00000E+00
2.21001E-03 0.00000E+00
2.26963E-03 0.00000E+00
2.33005E-03 0.00000E+00
2.39124E-03 0.00000E+00
2.45319E-03 0.00000E+00
2.51588E-03 0.00000E+00
2.57928E-03 0.00000E+00
2.64339E-03 0.00000E+00
2.70817E-03 0.00000E+00
2.77360E-03 0.00000E+00
2.83966E-03 0.00000E+00
2.90632E-03 0.00000E+00
2.97355E-03 0.00000E+00
3.04132E-03 0.00000E+00
3.10961E-03 0.00000E+00
3.17839E-03 0.00000E+00
3.24761E-03 0.00000E+00
3.31726E-03 0.00000E+00
3.38729E-03 0.00000E+00
3.45768E-03 0.00000E+00
3.52838E-03 0.00000E+00
3.59937E-03 0.00000E+00
3.67059E-03 0.00000E+00
3.74203E-03 0.00000E+00
3.81363E-03 0.00000E+00
3.88537E-03 0.00000E+00
3.95720E-03 0.00000E+00
4.02907E-03 0.00000E+00
4.10096E-03 0.00000E+00
4.17282E-03 0.00000E+00
4.24460E-03 0.00000E+00
4.31627E-03 0.00000E+00
4.38779E-03 0.00000E+00
4.45911E-03 0.00000E+00
4.53018E-03 0.00000E+00
4.60097E-03 0.00000E+00
4.67144E-03 0.00000E+00
4.74153E-03 0.00000E+00
4.81120E-03 0.00000E+00
4.88042E-03 0.00000E+00
4.94914E-03 0.00000E+00
5.01730E-03 0.00000E+00
5.08488E-03 0.00000E+00
5.15182E-03 0.00000E+00
5.21809E-03 0.00000E+00
5.28363E-03 0.00000E+00
5.34840E-03 0.00000E+00
5.41237E-03 0.00000E+00
5.47548E-03 0.00000E+00
5.53770E-03 0.00000E+00
5.59898E-03 0.00000E+00
5.65928E-03 0.00000E+00
5.71856E-03 0.00000E+00
5.77678E-03 0.00000E+00
5.83389E-03 0.00000E+00
5.88986E-03 0.00000E+00
5.94464E-03 0.00000E+00
5.99820E-03 0.00000E+00
6.05049E-03 0.00000E+00
6.10149E-03 0.00000E+00
6.15114E-03 0.00000E+00
6.19942E-03 0.00000E+00
6.24629E-03 0.00000E+00
6.29172E-03 0.00000E+00
6.33566E-03 0.00000E+00
6.37809E-03 0.00000E+00
6.41897E-03 0.00000E+00
6.45828E-03 0.00000E+00
6.49597E-03 0.00000E+00
6.53203E-03 0.00000E+00
6.56643E-03 0.00000E+00
6.59912E-03 0.00000E+00
6.63010E-03 0.00000E+00
6.65934E-03 0.00000E+00
6.68680E-03 0.00000E+00
6.71248E-03 0.00000E+00
6.73634E-03 0.00000E+00
6.75836E-03 0.00000E+00
6.77854E-03 0.00000E+00
6.79685E-03 0.00000E+00
6.81328E-03 0.00000E+00
6.82780E-03 0.00000E+00
6.84042E-03 0.00000E+00
6.85112E-03 0.00000E+00
6.85988E-03 0.00000E+00
6.86670E-03 0.00000E+00
6.87158E-03 0.00000E+00
6.87451E-03 0.00000E+00
6.87549E-03 0.00000E+00
6.87451E-03 0.00000E+00
6.87158E-03 0.00000E+00
6.86670E-03 0.00000E+00
6.85988E-03 0.00000E+00
6.85112E-03 0.00000E+00
6.84042E-03 0.00000E+00
6.82780E-03 0.00000E+00
6.81328E-03 0.00000E+00
6.79685E-03 0.00000E+00
6.77854E-03 0.00000E+00
6.75836E-03 0.00000E+00
6.73634E-03 0.00000E+00
6.71248E-03 0.00000E+00
6.68680E-03 0.00000E+00
6.65934E-03 0.00000E+00
6.63010E-03 0.00000E+00
6.59912E-03 0.00000E+00
6.56643E-03 0.00000E+00
6.53203E-03 0.00000E+00
6.49597E-03 0.00000E+00
6.45828E-03 0.00000E+00
6.41897E-03 0.00000E+00
6.37809E-03 0.00000E+00
6.33566E-03 0.00000E+00
6.29172E-03 0.00000E+00
6.24629E-03 0.00000E+00
6.19942E-03 0.00000E+00
6.15114E-03 0.00000E+00
6.10149E-03 0.00000E+00
6.05049E-03 0.00000E+00
5.99820E-03 0.00000E+00
5.94464E-03 0.00000E+00
5.88986E-03 0.00000E+00
5.83389E-03 0.00000E+00
5.77678E-03 0.00000E+00
5.71856E-03 0.00000E+00
5.65928E-03 0.00000E+00
5.59898E-03 0.00000E+00
5.53770E-03 0.00000E+00
5.47548E-03 0.00000E+00
5.41237E-03 0.00000E+00
5.34840E-03 0.00000E+00
5.28363E-03 0.00000E+00
5.21809E-03 0.00000E+00
5.15182E-03 0.00000E+00
5.08488E-03 0.00000E+00
5.01730E-03 0.00000E+00
4.94914E-03 0.00000E+00
4.88042E-03 0.00000E+00
4.81120E-03 0.00000E+00
4.74153E-03 0.00000E+00
4.67144E-03 0.00000E+00
4.60097E-03 0.00000E+00
4.53018E-03 0.00000E+00
4.45911E-03 0.00000E+00
4.38779E-03 0.00000E+00
4.31627E-03 0.00000E+00
4.24460E-03 0.00000E+00
4.17282E-03 0.00000E+00
4.10096E-03 0.00000E+00
4.02907E-03 0.00000E+00
3.95720E-03 0.00000E+00
3.88537E-03 0.00000E+00
3.81363E-03 0.00000E+00
3.74203E-03 0.00000E+00
3.67059E-03 0.00000E+00
3.59937E-03 0.00000E+00
3.52838E-03 0.00000E+00
3.45768E-03 0.00000E+00
3.38729E-03 0.00000E+00
3.31726E-03 0.00000E+00
3.24761E-03 0.00000E+00
3.17839E-03 0.00000E+00
3.10961E-03 0.00000E+00
3.04132E-03 0.00000E+00
2.97355E-03 0.00000E+00
2.90632E-03 0.00000E+00
2.83966E-03 0.00000E+00
2.77360E-03 0.00000E+00
2.70817E-03 0.00000E+00
2.64339E-03 0.00000E+00
2.57928E-03 0.00000E+00
2.51588E-03 0.00000E+00
2.45319E-03 0.00000E+00
2.39124E-03 0.00000E+00
2.33005E-03 0.00000E+00
2.26963E-03 0.00000E+00
2.21001E-03 0.00000E+00
2.15120E-03 0.00000E+00
2.09321E-03 0.00000E+00
2.03606E-03 0.00000E+00
1.97976E-03 0.00000E+00
1.92432E-03 0.00000E+00
1.86975E-03 0.00000E+00
1.81607E-03 0.00000E+00
1.76328E-03 0.00000E+00
1.71138E-03 0.00000E+00
1.66039E-03 0.00000E+00
1.61031E-03 0.00000E+00
1.56115E-03 0.00000E+00
1.51291E-03 0.00000E+00
1.46559E-03 0.00000E+00
1.41920E-03 0.00000E+00
1.37374E-03 0.00000E+00
1.32921E-03 0.00000E+00
1.28561E-03 0.00000E+00
1.24293E-03 0.00000E+00
1.20119E-03 0.00000E+00
1.16037E-03 0.00000E+00
1.12047E-03 0.00000E+00
1.08150E-03 0.00000E+00
1.04344E-03 0.00000E+00
1.00629E-03 0.00000E+00
9.70049E-04 0.00000E+00
9.34708E-04 0.00000E+00
9.00261E-04 0.00000E+00
8.66702E-04 0.00000E+00
8.34022E-04 0.00000E+00
8.02215E-04 0.00000E+00
7.71271E-04 0.00000E+00
7.41181E-04 0.00000E+00
7.11937E-04 0.00000E+00
6.83528E-04 0.00000E+00
6.55944E-04 0.00000E+00
6.29175E-04 0.00000E+00
6.03209E-04 0.00000E+00
5.78035E-04 0.00000E+00
5.53641E-04 0.00000E+00
5.30016E-04 0.00000E+00
5.07147E-04 0.00000E+00
4.85021E-04 0.00000E+00
4.63625E-04 0.00000E+00
4.42946E-04 0.00000E+00
4.22972E-04 0.00000E+00
4.03687E-04 0.00000E+00
3.85079E-04 0.00000E+00
3.67134E-04 0.00000E+00
3.49836E-04 0.00000E+00
3.33173E-04 0.00000E+00
3.17130E-04 0.00000E+00
3.01692E-04 0.00000E+00
2.86844E-04 0.00000E+00
2.72573E-04 0.00000E+00
2.58863E-04 0.00000E+00
2.45700E-04 0.00000E+00
2.33070E-04 0.00000E+00
2.20957E-04 0.00000E+00
2.09347E-04 0.00000E+00
1.98225E-04 0.00000E+00
1.87578E-04 0.00000E+00
1.77390E-04 0.00000E+00
1.67647E-04 0.00000E+00
1.58336E-04 0.00000E+00
1.49442E-04 0.00000E+00
1.40952E-04 0.00000E+00
1.32852E-04 0.00000E+00
1.25128E-04 0.00000E+00
1.17767E-04 0.00000E+00
1.10757E-04 0.00000E+00
1.04085E-04 0.00000E+00
9.77386E-05 0.00000E+00
9.17054E-05 0.00000E+00
8.59738E-05 0.00000E+00
8.05324E-05 0.00000E+00
7.53701E-05 0.00000E+00
7.04759E-05 0.00000E+00
6.58393E-05 0.00000E+00
6.14501E-05 0.00000E+00
5.72980E-05 0.00000E+00
5.33735E-05 0.00000E+00
4.96670E-05 0.00000E+00
4.61693E-05 0.00000E+00
4.28715E-05 0.00000E+00
3.97649E-05 0.00000E+00
3.68410E-05 0.00000E+00
3.40917E-05 0.00000E+00
3.15090E-05 0.00000E+00
2.90852E-05 0.00000E+00
2.68129E-05 0.00000E+00
2.46849E-05 0.00000E+00
2.26942E-05 0.00000E+00
2.08340E-05 0.00000E+00
1.90978E-05 0.00000E+00
1.74794E-05 0.00000E+00
1.59725E-05 0.00000E+00
1.45714E-05 0.00000E+00
1.32704E-05 0.00000E+00
1.20640E-05 0.00000E+00
1.09470E-05 0.00000E+00
9.91425E-06 0.00000E+00
8.96095E-06 0.00000E+00
8.08243E-06 0.00000E+00
7.27419E-06 0.00000E+00
6.53192E-06 0.00000E+00
5.85151E-06 0.00000E+00
5.22901E-06 0.00000E+00
4.66064E-06 0.00000E+00
4.14279E-06 0.00000E+00
3.67202E-06 0.00000E+00
3.24504E-06 0.00000E+00
2.85873E-06 0.00000E+00
2.51010E-06 0.00000E+00
2.19634E-06 0.00000E+00
1.91476E-06 0.00000E+00
1.66282E-06 0.00000E+00
1.43811E-06 0.00000E+00
1.23837E-06 0.00000E+00
1.06146E-06 0.00000E+00
9.05365E-07 0.00000E+00
7.68188E-07 0.00000E+00
6.48159E-07 0.00000E+00
5.43617E-07 0.00000E+00
4.53014E-07 0.00000E+00
3.74908E-07 0.00000E+00
3.07961E-07 0.00000E+00
2.50931E-07 0.00000E+00
2.02675E-07 0.00000E+00
1.62140E-07 0.00000E+00
1.28361E-07 0.00000E+00
1.00456E-07 0.00000E+00
7.76253E-08 0.00000E+00
5.91431E-08 0.00000E+00
4.43573E-08 0.00000E+00
3.26843E-08 0.00000E+00
2.36053E-08 0.00000E+00
1.66626E-08 0.00000E+00
1.14555E-08 0.00000E+00
7.63702E-09 0.00000E+00
4.90952E-09 0.00000E+00
3.02124E-09 0.00000E+00
1.76239E-09 0.00000E+00
9.61304E-10 0.00000E+00
4.80652E-10 0.00000E+00
2.13623E-10 0.00000E+00
8.01086E-11 0.00000E+00
2.28882E-11 0.00000E+00
3.81470E-12 0.00000E+00
