3.12500E-02 0.00000E+00
3.12500E-02 0.00000E+00
3.12500E-02 0.00000E+00
3.12500E-02 0.00000E+00
3.12500E-02 0.00000E+00
3.12500E-02 0.00000E+00
3.12500E-02 0.00000E+00
3.12500E-02 0.00000E+00
3.12500E-02 0.00000E+00
3.12500E-02 0.00000E+00
3.12500E-02 0.00000E+00
3.12500E-02 0.00000E+00
3.12500E-02 0.00000E+00
3.12500E-02 0.00000E+00
3.12500E-02 0.00000E+00
3.12500E-02 0.00000E+00
3.12500E-02 0.00000E+00
3.12500E-02 0.00000E+00
3.12500E-02 0.00000E+00
3.12500E-02 0.00000E+00
3.12500E-02 0.00000E+00
3.12500E-02 0.00000E+00
3.12500E-02 0.00000E+00
3.12500E-02 0.00000E+00
3.12500E-02 0.00000E+00
3.12500E-02 0.00000E+00
3.12500E-02 0.00000E+00
3.12500E-02 0.00000E+00
3.12500E-02 0.00000E+00
3.12500E-02 0.00000E+00
3.12500E-02 0.00000E+00
3.12500E-02 0.00000E+00
