1.56250E-02 0.00000E+00
1.56250E-02 0.00000E+00
1.56250E-02 0.00000E+00
1.56250E-02 0.00000E+00
1.56250E-02 0.00000E+00
1.56250E-02 0.00000E+00
1.56250E-02 0.00000E+00
1.56250E-02 0.00000E+00
1.56250E-02 0.00000E+00
1.56250E-02 0.00000E+00
1.56250E-02 0.00000E+00
1.56250E-02 0.00000E+00
1.56250E-02 0.00000E+00
1.56250E-02 0.00000E+00
1.56250E-02 0.00000E+00
1.56250E-02 0.00000E+00
1.56250E-02 0.00000E+00
1.56250E-02 0.00000E+00
1.56250E-02 0.00000E+00
1.56250E-02 0.00000E+00
1.56250E-02 0.00000E+00
1.56250E-02 0.00000E+00
1.56250E-02 0.00000E+00
1.56250E-02 0.00000E+00
1.56250E-02 0.00000E+00
1.56250E-02 0.00000E+00
1.56250E-02 0.00000E+00
1.56250E-02 0.00000E+00
1.56250E-02 0.00000E+00
1.56250E-02 0.00000E+00
1.56250E-02 0.00000E+00
1.56250E-02 0.00000E+00
1.56250E-02 0.00000E+00
1.56250E-02 0.00000E+00
1.56250E-02 0.00000E+00
1.56250E-02 0.00000E+00
1.56250E-02 0.00000E+00
1.56250E-02 0.00000E+00
1.56250E-02 0.00000E+00
1.56250E-02 0.00000E+00
1.56250E-02 0.00000E+00
1.56250E-02 0.00000E+00
1.56250E-02 0.00000E+00
1.56250E-02 0.00000E+00
1.56250E-02 0.00000E+00
1.56250E-02 0.00000E+00
1.56250E-02 0.00000E+00
1.56250E-02 0.00000E+00
1.56250E-02 0.00000E+00
1.56250E-02 0.00000E+00
1.56250E-02 0.00000E+00
1.56250E-02 0.00000E+00
1.56250E-02 0.00000E+00
1.56250E-02 0.00000E+00
1.56250E-02 0.00000E+00
1.56250E-02 0.00000E+00
1.56250E-02 0.00000E+00
1.56250E-02 0.00000E+00
1.56250E-02 0.00000E+00
1.56250E-02 0.00000E+00
1.56250E-02 0.00000E+00
1.56250E-02 0.00000E+00
1.56250E-02 0.00000E+00
1.56250E-02 0.00000E+00
