1.27753E-12 0.00000E+00
7.66521E-12 0.00000E+00
2.68282E-11 0.00000E+00
7.15419E-11 0.00000E+00
1.60969E-10 0.00000E+00
3.21939E-10 0.00000E+00
5.90221E-10 0.00000E+00
1.01181E-09 0.00000E+00
1.64419E-09 0.00000E+00
2.55762E-09 0.00000E+00
3.83644E-09 0.00000E+00
5.58027E-09 0.00000E+00
7.90538E-09 0.00000E+00
1.09459E-08 0.00000E+00
1.48552E-08 0.00000E+00
1.98069E-08 0.00000E+00
2.59965E-08 0.00000E+00
3.36426E-08 0.00000E+00
4.29878E-08 0.00000E+00
5.43003E-08 0.00000E+00
6.78754E-08 0.00000E+00
8.40362E-08 0.00000E+00
1.03135E-07 0.00000E+00
1.25556E-07 0.00000E+00
1.51714E-07 0.00000E+00
1.82056E-07 0.00000E+00
2.17067E-07 0.00000E+00
2.57265E-07 0.00000E+00
3.03205E-07 0.00000E+00
3.55482E-07 0.00000E+00
4.14729E-07 0.00000E+00
4.81620E-07 0.00000E+00
5.56873E-07 0.00000E+00
6.41248E-07 0.00000E+00
7.35549E-07 0.00000E+00
8.40628E-07 0.00000E+00
9.57382E-07 0.00000E+00
1.08676E-06 0.00000E+00
1.22975E-06 0.00000E+00
1.38741E-06 0.00000E+00
1.56084E-06 0.00000E+00
1.75119E-06 0.00000E+00
1.95966E-06 0.00000E+00
2.18753E-06 0.00000E+00
2.43611E-06 0.00000E+00
2.70679E-06 0.00000E+00
3.00100E-06 0.00000E+00
3.32026E-06 0.00000E+00
3.66612E-06 0.00000E+00
4.04022E-06 0.00000E+00
4.44424E-06 0.00000E+00
4.87995E-06 0.00000E+00
5.34917E-06 0.00000E+00
5.85381E-06 0.00000E+00
6.39583E-06 0.00000E+00
6.97727E-06 0.00000E+00
7.60024E-06 0.00000E+00
8.26693E-06 0.00000E+00
8.97959E-06 0.00000E+00
9.74058E-06 0.00000E+00
1.05523E-05 0.00000E+00
1.14172E-05 0.00000E+00
1.23380E-05 0.00000E+00
1.33172E-05 0.00000E+00
1.43576E-05 0.00000E+00
1.54620E-05 0.00000E+00
1.66334E-05 0.00000E+00
1.78747E-05 0.00000E+00
1.91890E-05 0.00000E+00
2.05795E-05 0.00000E+00
2.20495E-05 0.00000E+00
2.36022E-05 0.00000E+00
2.52413E-05 0.00000E+00
2.69701E-05 0.00000E+00
2.87925E-05 0.00000E+00
3.07119E-05 0.00000E+00
3.27325E-05 0.00000E+00
3.48580E-05 0.00000E+00
3.70924E-05 0.00000E+00
3.94401E-05 0.00000E+00
4.19051E-05 0.00000E+00
4.44918E-05 0.00000E+00
4.72047E-05 0.00000E+00
5.00484E-05 0.00000E+00
5.30274E-05 0.00000E+00
5.61467E-05 0.00000E+00
5.94110E-05 0.00000E+00
6.28255E-05 0.00000E+00
6.63951E-05 0.00000E+00
7.01252E-05 0.00000E+00
7.40210E-05 0.00000E+00
7.80881E-05 0.00000E+00
8.23320E-05 0.00000E+00
8.67585E-05 0.00000E+00
9.13733E-05 0.00000E+00
9.61824E-05 0.00000E+00
1.01192E-04 0.00000E+00
1.06408E-04 0.00000E+00
1.11837E-04 0.00000E+00
1.17485E-04 0.00000E+00
1.23359E-04 0.00000E+00
1.29465E-04 0.00000E+00
1.35809E-04 0.00000E+00
1.42400E-04 0.00000E+00
1.49242E-04 0.00000E+00
1.56344E-04 0.00000E+00
1.63712E-04 0.00000E+00
1.71352E-04 0.00000E+00
1.79273E-04 0.00000E+00
1.87481E-04 0.00000E+00
1.95982E-04 0.00000E+00
2.04784E-04 0.00000E+00
2.13895E-04 0.00000E+00
2.23320E-04 0.00000E+00
2.33067E-04 0.00000E+00
2.43144E-04 0.00000E+00
2.53557E-04 0.00000E+00
2.64313E-04 0.00000E+00
2.75420E-04 0.00000E+00
2.86884E-04 0.00000E+00
2.98711E-04 0.00000E+00
3.10910E-04 0.00000E+00
3.23487E-04 0.00000E+00
3.36449E-04 0.00000E+00
3.49802E-04 0.00000E+00
3.63553E-04 0.00000E+00
3.77709E-04 0.00000E+00
3.92276E-04 0.00000E+00
4.07261E-04 0.00000E+00
4.22670E-04 0.00000E+00
4.38508E-04 0.00000E+00
4.54783E-04 0.00000E+00
4.71500E-04 0.00000E+00
4.88666E-04 0.00000E+00
5.06285E-04 0.00000E+00
5.24363E-04 0.00000E+00
5.42907E-04 0.00000E+00
5.61921E-04 0.00000E+00
5.81410E-04 0.00000E+00
6.01380E-04 0.00000E+00
6.21835E-04 0.00000E+00
6.42780E-04 0.00000E+00
6.64220E-04 0.00000E+00
6.86158E-04 0.00000E+00
7.08600E-04 0.00000E+00
7.31548E-04 0.00000E+00
7.55007E-04 0.00000E+00
7.78980E-04 0.00000E+00
8.03471E-04 0.00000E+00
8.28482E-04 0.00000E+00
8.54017E-04 0.00000E+00
8.80078E-04 0.00000E+00
9.06667E-04 0.00000E+00
9.33787E-04 0.00000E+00
9.61439E-04 0.00000E+00
9.89625E-04 0.00000E+00
1.01835E-03 0.00000E+00
1.04761E-03 0.00000E+00
1.07740E-03 0.00000E+00
1.10773E-03 0.00000E+00
1.13861E-03 0.00000E+00
1.17001E-03 0.00000E+00
1.20196E-03 0.00000E+00
1.23444E-03 0.00000E+00
1.26746E-03 0.00000E+00
1.30102E-03 0.00000E+00
1.33510E-03 0.00000E+00
1.36972E-03 0.00000E+00
1.40487E-03 0.00000E+00
1.44054E-03 0.00000E+00
1.47673E-03 0.00000E+00
1.51345E-03 0.00000E+00
1.55068E-03 0.00000E+00
1.58842E-03 0.00000E+00
1.62666E-03 0.00000E+00
1.66541E-03 0.00000E+00
1.70466E-03 0.00000E+00
1.74440E-03 0.00000E+00
1.78462E-03 0.00000E+00
1.82532E-03 0.00000E+00
1.86649E-03 0.00000E+00
1.90812E-03 0.00000E+00
1.95021E-03 0.00000E+00
1.99275E-03 0.00000E+00
2.03572E-03 0.00000E+00
2.07913E-03 0.00000E+00
2.12296E-03 0.00000E+00
2.16719E-03 0.00000E+00
2.21183E-03 0.00000E+00
2.25685E-03 0.00000E+00
2.30225E-03 0.00000E+00
2.34802E-03 0.00000E+00
2.39413E-03 0.00000E+00
2.44059E-03 0.00000E+00
2.48737E-03 0.00000E+00
2.53447E-03 0.00000E+00
2.58186E-03 0.00000E+00
2.62954E-03 0.00000E+00
2.67748E-03 0.00000E+00
2.72568E-03 0.00000E+00
2.77411E-03 0.00000E+00
2.82277E-03 0.00000E+00
2.87162E-03 0.00000E+00
2.92067E-03 0.00000E+00
2.96988E-03 0.00000E+00
3.01925E-03 0.00000E+00
3.06875E-03 0.00000E+00
3.11837E-03 0.00000E+00
3.16808E-03 0.00000E+00
3.21788E-03 0.00000E+00
3.26773E-03 0.00000E+00
3.31763E-03 0.00000E+00
3.36755E-03 0.00000E+00
3.41746E-03 0.00000E+00
3.46737E-03 0.00000E+00
3.51723E-03 0.00000E+00
3.56704E-03 0.00000E+00
3.61677E-03 0.00000E+00
3.66640E-03 0.00000E+00
3.71591E-03 0.00000E+00
3.76528E-03 0.00000E+00
3.81449E-03 0.00000E+00
3.86352E-03 0.00000E+00
3.91235E-03 0.00000E+00
3.96095E-03 0.00000E+00
4.00931E-03 0.00000E+00
4.05740E-03 0.00000E+00
4.10521E-03 0.00000E+00
4.15271E-03 0.00000E+00
4.19988E-03 0.00000E+00
4.24670E-03 0.00000E+00
4.29314E-03 0.00000E+00
4.33920E-03 0.00000E+00
4.38484E-03 0.00000E+00
4.43005E-03 0.00000E+00
4.47480E-03 0.00000E+00
4.51907E-03 0.00000E+00
4.56285E-03 0.00000E+00
4.60611E-03 0.00000E+00
4.64882E-03 0.00000E+00
4.69099E-03 0.00000E+00
4.73257E-03 0.00000E+00
4.77355E-03 0.00000E+00
4.81391E-03 0.00000E+00
4.85364E-03 0.00000E+00
4.89270E-03 0.00000E+00
4.93109E-03 0.00000E+00
4.96878E-03 0.00000E+00
5.00575E-03 0.00000E+00
5.04199E-03 0.00000E+00
5.07748E-03 0.00000E+00
5.11220E-03 0.00000E+00
5.14613E-03 0.00000E+00
5.17925E-03 0.00000E+00
5.21154E-03 0.00000E+00
5.24300E-03 0.00000E+00
5.27360E-03 0.00000E+00
5.30333E-03 0.00000E+00
5.33217E-03 0.00000E+00
5.36011E-03 0.00000E+00
5.38712E-03 0.00000E+00
5.41321E-03 0.00000E+00
5.43834E-03 0.00000E+00
5.46252E-03 0.00000E+00
5.48571E-03 0.00000E+00
5.50793E-03 0.00000E+00
5.52914E-03 0.00000E+00
5.54933E-03 0.00000E+00
5.56851E-03 0.00000E+00
5.58665E-03 0.00000E+00
5.60375E-03 0.00000E+00
5.61979E-03 0.00000E+00
5.63476E-03 0.00000E+00
5.64867E-03 0.00000E+00
5.66149E-03 0.00000E+00
5.67322E-03 0.00000E+00
5.68386E-03 0.00000E+00
5.69340E-03 0.00000E+00
5.70182E-03 0.00000E+00
5.70914E-03 0.00000E+00
5.71534E-03 0.00000E+00
5.72041E-03 0.00000E+00
5.72436E-03 0.00000E+00
5.72719E-03 0.00000E+00
5.72888E-03 0.00000E+00
5.72945E-03 0.00000E+00
5.72888E-03 0.00000E+00
5.72719E-03 0.00000E+00
5.72436E-03 0.00000E+00
5.72041E-03 0.00000E+00
5.71534E-03 0.00000E+00
5.70914E-03 0.00000E+00
5.70182E-03 0.00000E+00
5.69340E-03 0.00000E+00
5.68386E-03 0.00000E+00
5.67322E-03 0.00000E+00
5.66149E-03 0.00000E+00
5.64867E-03 0.00000E+00
5.63476E-03 0.00000E+00
5.61979E-03 0.00000E+00
5.60375E-03 0.00000E+00
5.58665E-03 0.00000E+00
5.56851E-03 0.00000E+00
5.54933E-03 0.00000E+00
5.52914E-03 0.00000E+00
5.50793E-03 0.00000E+00
5.48571E-03 0.00000E+00
5.46252E-03 0.00000E+00
5.43834E-03 0.00000E+00
5.41321E-03 0.00000E+00
5.38712E-03 0.00000E+00
5.36011E-03 0.00000E+00
5.33217E-03 0.00000E+00
5.30333E-03 0.00000E+00
5.27360E-03 0.00000E+00
5.24300E-03 0.00000E+00
5.21154E-03 0.00000E+00
5.17925E-03 0.00000E+00
5.14613E-03 0.00000E+00
5.11220E-03 0.00000E+00
5.07748E-03 0.00000E+00
5.04199E-03 0.00000E+00
5.00575E-03 0.00000E+00
4.96878E-03 0.00000E+00
4.93109E-03 0.00000E+00
4.89270E-03 0.00000E+00
4.85364E-03 0.00000E+00
4.81391E-03 0.00000E+00
4.77355E-03 0.00000E+00
4.73257E-03 0.00000E+00
4.69099E-03 0.00000E+00
4.64882E-03 0.00000E+00
4.60611E-03 0.00000E+00
4.56285E-03 0.00000E+00
4.51907E-03 0.00000E+00
4.47480E-03 0.00000E+00
4.43005E-03 0.00000E+00
4.38484E-03 0.00000E+00
4.33920E-03 0.00000E+00
4.29314E-03 0.00000E+00
4.24670E-03 0.00000E+00
4.19988E-03 0.00000E+00
4.15271E-03 0.00000E+00
4.10521E-03 0.00000E+00
4.05740E-03 0.00000E+00
4.00931E-03 0.00000E+00
3.96095E-03 0.00000E+00
3.91235E-03 0.00000E+00
3.86352E-03 0.00000E+00
3.81449E-03 0.00000E+00
3.76528E-03 0.00000E+00
3.71591E-03 0.00000E+00
3.66640E-03 0.00000E+00
3.61677E-03 0.00000E+00
3.56704E-03 0.00000E+00
3.51723E-03 0.00000E+00
3.46737E-03 0.00000E+00
3.41746E-03 0.00000E+00
3.36755E-03 0.00000E+00
3.31763E-03 0.00000E+00
3.26773E-03 0.00000E+00
3.21788E-03 0.00000E+00
3.16808E-03 0.00000E+00
3.11837E-03 0.00000E+00
3.06875E-03 0.00000E+00
3.01925E-03 0.00000E+00
2.96988E-03 0.00000E+00
2.92067E-03 0.00000E+00
2.87162E-03 0.00000E+00
2.82277E-03 0.00000E+00
2.77411E-03 0.00000E+00
2.72568E-03 0.00000E+00
2.67748E-03 0.00000E+00
2.62954E-03 0.00000E+00
2.58186E-03 0.00000E+00
2.53447E-03 0.00000E+00
2.48737E-03 0.00000E+00
2.44059E-03 0.00000E+00
2.39413E-03 0.00000E+00
2.34802E-03 0.00000E+00
2.30225E-03 0.00000E+00
2.25685E-03 0.00000E+00
2.21183E-03 0.00000E+00
2.16719E-03 0.00000E+00
2.12296E-03 0.00000E+00
2.07913E-03 0.00000E+00
2.03572E-03 0.00000E+00
1.99275E-03 0.00000E+00
1.95021E-03 0.00000E+00
1.90812E-03 0.00000E+00
1.86649E-03 0.00000E+00
1.82532E-03 0.00000E+00
1.78462E-03 0.00000E+00
1.74440E-03 0.00000E+00
1.70466E-03 0.00000E+00
1.66541E-03 0.00000E+00
1.62666E-03 0.00000E+00
1.58842E-03 0.00000E+00
1.55068E-03 0.00000E+00
1.51345E-03 0.00000E+00
1.47673E-03 0.00000E+00
1.44054E-03 0.00000E+00
1.40487E-03 0.00000E+00
1.36972E-03 0.00000E+00
1.33510E-03 0.00000E+00
1.30102E-03 0.00000E+00
1.26746E-03 0.00000E+00
1.23444E-03 0.00000E+00
1.20196E-03 0.00000E+00
1.17001E-03 0.00000E+00
1.13861E-03 0.00000E+00
1.10773E-03 0.00000E+00
1.07740E-03 0.00000E+00
1.04761E-03 0.00000E+00
1.01835E-03 0.00000E+00
9.89625E-04 0.00000E+00
9.61439E-04 0.00000E+00
9.33787E-04 0.00000E+00
9.06667E-04 0.00000E+00
8.80078E-04 0.00000E+00
8.54017E-04 0.00000E+00
8.28482E-04 0.00000E+00
8.03471E-04 0.00000E+00
7.78980E-04 0.00000E+00
7.55007E-04 0.00000E+00
7.31548E-04 0.00000E+00
7.08600E-04 0.00000E+00
6.86158E-04 0.00000E+00
6.64220E-04 0.00000E+00
6.42780E-04 0.00000E+00
6.21835E-04 0.00000E+00
6.01380E-04 0.00000E+00
5.81410E-04 0.00000E+00
5.61921E-04 0.00000E+00
5.42907E-04 0.00000E+00
5.24363E-04 0.00000E+00
5.06285E-04 0.00000E+00
4.88666E-04 0.00000E+00
4.71500E-04 0.00000E+00
4.54783E-04 0.00000E+00
4.38508E-04 0.00000E+00
4.22670E-04 0.00000E+00
4.07261E-04 0.00000E+00
3.92276E-04 0.00000E+00
3.77709E-04 0.00000E+00
3.63553E-04 0.00000E+00
3.49802E-04 0.00000E+00
3.36449E-04 0.00000E+00
3.23487E-04 0.00000E+00
3.10910E-04 0.00000E+00
2.98711E-04 0.00000E+00
2.86884E-04 0.00000E+00
2.75420E-04 0.00000E+00
2.64313E-04 0.00000E+00
2.53557E-04 0.00000E+00
2.43144E-04 0.00000E+00
2.33067E-04 0.00000E+00
2.23320E-04 0.00000E+00
2.13895E-04 0.00000E+00
2.04784E-04 0.00000E+00
1.95982E-04 0.00000E+00
1.87481E-04 0.00000E+00
1.79273E-04 0.00000E+00
1.71352E-04 0.00000E+00
1.63712E-04 0.00000E+00
1.56344E-04 0.00000E+00
1.49242E-04 0.00000E+00
1.42400E-04 0.00000E+00
1.35809E-04 0.00000E+00
1.29465E-04 0.00000E+00
1.23359E-04 0.00000E+00
1.17485E-04 0.00000E+00
1.11837E-04 0.00000E+00
1.06408E-04 0.00000E+00
1.01192E-04 0.00000E+00
9.61824E-05 0.00000E+00
9.13733E-05 0.00000E+00
8.67585E-05 0.00000E+00
8.23320E-05 0.00000E+00
7.80881E-05 0.00000E+00
7.40210E-05 0.00000E+00
7.01252E-05 0.00000E+00
6.63951E-05 0.00000E+00
6.28255E-05 0.00000E+00
5.94110E-05 0.00000E+00
5.61467E-05 0.00000E+00
5.30274E-05 0.00000E+00
5.00484E-05 0.00000E+00
4.72047E-05 0.00000E+00
4.44918E-05 0.00000E+00
4.19051E-05 0.00000E+00
3.94401E-05 0.00000E+00
3.70924E-05 0.00000E+00
3.48580E-05 0.00000E+00
3.27325E-05 0.00000E+00
3.07119E-05 0.00000E+00
2.87925E-05 0.00000E+00
2.69701E-05 0.00000E+00
2.52413E-05 0.00000E+00
2.36022E-05 0.00000E+00
2.20495E-05 0.00000E+00
2.05795E-05 0.00000E+00
1.91890E-05 0.00000E+00
1.78747E-05 0.00000E+00
1.66334E-05 0.00000E+00
1.54620E-05 0.00000E+00
1.43576E-05 0.00000E+00
1.33172E-05 0.00000E+00
1.23380E-05 0.00000E+00
1.14172E-05 0.00000E+00
1.05523E-05 0.00000E+00
9.74058E-06 0.00000E+00
8.97959E-06 0.00000E+00
8.26693E-06 0.00000E+00
7.60024E-06 0.00000E+00
6.97727E-06 0.00000E+00
6.39583E-06 0.00000E+00
5.85381E-06 0.00000E+00
5.34917E-06 0.00000E+00
4.87995E-06 0.00000E+00
4.44424E-06 0.00000E+00
4.04022E-06 0.00000E+00
3.66612E-06 0.00000E+00
3.32026E-06 0.00000E+00
3.00100E-06 0.00000E+00
2.70679E-06 0.00000E+00
2.43611E-06 0.00000E+00
2.18753E-06 0.00000E+00
1.95966E-06 0.00000E+00
1.75119E-06 0.00000E+00
1.56084E-06 0.00000E+00
1.38741E-06 0.00000E+00
1.22975E-06 0.00000E+00
1.08676E-06 0.00000E+00
9.57382E-07 0.00000E+00
8.40628E-07 0.00000E+00
7.35549E-07 0.00000E+00
6.41248E-07 0.00000E+00
5.56873E-07 0.00000E+00
4.81620E-07 0.00000E+00
4.14729E-07 0.00000E+00
3.55482E-07 0.00000E+00
3.03205E-07 0.00000E+00
2.57265E-07 0.00000E+00
2.17067E-07 0.00000E+00
1.82056E-07 0.00000E+00
1.51714E-07 0.00000E+00
1.25556E-07 0.00000E+00
1.03135E-07 0.00000E+00
8.40362E-08 0.00000E+00
6.78754E-08 0.00000E+00
5.43003E-08 0.00000E+00
4.29878E-08 0.00000E+00
3.36426E-08 0.00000E+00
2.59965E-08 0.00000E+00
1.98069E-08 0.00000E+00
1.48552E-08 0.00000E+00
1.09459E-08 0.00000E+00
7.90538E-09 0.00000E+00
5.58027E-09 0.00000E+00
3.83644E-09 0.00000E+00
2.55762E-09 0.00000E+00
1.64419E-09 0.00000E+00
1.01181E-09 0.00000E+00
5.90221E-10 0.00000E+00
3.21939E-10 0.00000E+00
1.60969E-10 0.00000E+00
7.15419E-11 0.00000E+00
2.68282E-11 0.00000E+00
7.66521E-12 0.00000E+00
1.27753E-12 0.00000E+00
