1.52588E-05 0.00000E+00
6.10352E-05 0.00000E+00
1.52588E-04 0.00000E+00
3.05176E-04 0.00000E+00
5.34058E-04 0.00000E+00
8.54492E-04 0.00000E+00
1.28174E-03 0.00000E+00
1.83105E-03 0.00000E+00
2.51770E-03 0.00000E+00
3.35693E-03 0.00000E+00
4.36401E-03 0.00000E+00
5.55420E-03 0.00000E+00
6.94275E-03 0.00000E+00
8.54492E-03 0.00000E+00
1.03760E-02 0.00000E+00
1.24512E-02 0.00000E+00
1.47247E-02 0.00000E+00
1.71509E-02 0.00000E+00
1.96838E-02 0.00000E+00
2.22778E-02 0.00000E+00
2.48871E-02 0.00000E+00
2.74658E-02 0.00000E+00
2.99683E-02 0.00000E+00
3.23486E-02 0.00000E+00
3.45612E-02 0.00000E+00
3.65601E-02 0.00000E+00
3.82996E-02 0.00000E+00
3.97339E-02 0.00000E+00
4.08173E-02 0.00000E+00
4.15039E-02 0.00000E+00
4.17480E-02 0.00000E+00
4.15039E-02 0.00000E+00
4.08173E-02 0.00000E+00
3.97339E-02 0.00000E+00
3.82996E-02 0.00000E+00
3.65601E-02 0.00000E+00
3.45612E-02 0.00000E+00
3.23486E-02 0.00000E+00
2.99683E-02 0.00000E+00
2.74658E-02 0.00000E+00
2.48871E-02 0.00000E+00
2.22778E-02 0.00000E+00
1.96838E-02 0.00000E+00
1.71509E-02 0.00000E+00
1.47247E-02 0.00000E+00
1.24512E-02 0.00000E+00
1.03760E-02 0.00000E+00
8.54492E-03 0.00000E+00
6.94275E-03 0.00000E+00
5.55420E-03 0.00000E+00
4.36401E-03 0.00000E+00
3.35693E-03 0.00000E+00
2.51770E-03 0.00000E+00
1.83105E-03 0.00000E+00
1.28174E-03 0.00000E+00
8.54492E-04 0.00000E+00
5.34058E-04 0.00000E+00
3.05176E-04 0.00000E+00
1.52588E-04 0.00000E+00
6.10352E-05 0.00000E+00
1.52588E-05 0.00000E+00
