5.96046E-08 0.00000E+00
2.38419E-07 0.00000E+00
5.96046E-07 0.00000E+00
1.19209E-06 0.00000E+00
2.08616E-06 0.00000E+00
3.33786E-06 0.00000E+00
5.00679E-06 0.00000E+00
7.15256E-06 0.00000E+00
9.83477E-06 0.00000E+00
1.31130E-05 0.00000E+00
1.70469E-05 0.00000E+00
2.16961E-05 0.00000E+00
2.71201E-05 0.00000E+00
3.33786E-05 0.00000E+00
4.05312E-05 0.00000E+00
4.86374E-05 0.00000E+00
5.77569E-05 0.00000E+00
6.79493E-05 0.00000E+00
7.92742E-05 0.00000E+00
9.17912E-05 0.00000E+00
1.05560E-04 0.00000E+00
1.20640E-04 0.00000E+00
1.37091E-04 0.00000E+00
1.54972E-04 0.00000E+00
1.74344E-04 0.00000E+00
1.95265E-04 0.00000E+00
2.17795E-04 0.00000E+00
2.41995E-04 0.00000E+00
2.67923E-04 0.00000E+00
2.95639E-04 0.00000E+00
3.25203E-04 0.00000E+00
3.56674E-04 0.00000E+00
3.90112E-04 0.00000E+00
4.25577E-04 0.00000E+00
4.63128E-04 0.00000E+00
5.02825E-04 0.00000E+00
5.44727E-04 0.00000E+00
5.88894E-04 0.00000E+00
6.35386E-04 0.00000E+00
6.84261E-04 0.00000E+00
7.35581E-04 0.00000E+00
7.89404E-04 0.00000E+00
8.45790E-04 0.00000E+00
9.04799E-04 0.00000E+00
9.66489E-04 0.00000E+00
1.03092E-03 0.00000E+00
1.09816E-03 0.00000E+00
1.16825E-03 0.00000E+00
1.24127E-03 0.00000E+00
1.31726E-03 0.00000E+00
1.39630E-03 0.00000E+00
1.47843E-03 0.00000E+00
1.56373E-03 0.00000E+00
1.65224E-03 0.00000E+00
1.74403E-03 0.00000E+00
1.83916E-03 0.00000E+00
1.93769E-03 0.00000E+00
2.03967E-03 0.00000E+00
2.14517E-03 0.00000E+00
2.25425E-03 0.00000E+00
2.36696E-03 0.00000E+00
2.48337E-03 0.00000E+00
2.60353E-03 0.00000E+00
2.72751E-03 0.00000E+00
2.85512E-03 0.00000E+00
2.98619E-03 0.00000E+00
3.12054E-03 0.00000E+00
3.25799E-03 0.00000E+00
3.39836E-03 0.00000E+00
3.54147E-03 0.00000E+00
3.68714E-03 0.00000E+00
3.83520E-03 0.00000E+00
3.98546E-03 0.00000E+00
4.13775E-03 0.00000E+00
4.29189E-03 0.00000E+00
4.44770E-03 0.00000E+00
4.60500E-03 0.00000E+00
4.76360E-03 0.00000E+00
4.92334E-03 0.00000E+00
5.08404E-03 0.00000E+00
5.24551E-03 0.00000E+00
5.40757E-03 0.00000E+00
5.57005E-03 0.00000E+00
5.73277E-03 0.00000E+00
5.89556E-03 0.00000E+00
6.05822E-03 0.00000E+00
6.22058E-03 0.00000E+00
6.38247E-03 0.00000E+00
6.54370E-03 0.00000E+00
6.70409E-03 0.00000E+00
6.86347E-03 0.00000E+00
7.02167E-03 0.00000E+00
7.17849E-03 0.00000E+00
7.33376E-03 0.00000E+00
7.48730E-03 0.00000E+00
7.63893E-03 0.00000E+00
7.78848E-03 0.00000E+00
7.93576E-03 0.00000E+00
8.08060E-03 0.00000E+00
8.22282E-03 0.00000E+00
8.36223E-03 0.00000E+00
8.49867E-03 0.00000E+00
8.63194E-03 0.00000E+00
8.76188E-03 0.00000E+00
8.88830E-03 0.00000E+00
9.01103E-03 0.00000E+00
9.12988E-03 0.00000E+00
9.24468E-03 0.00000E+00
9.35525E-03 0.00000E+00
9.46140E-03 0.00000E+00
9.56297E-03 0.00000E+00
9.65977E-03 0.00000E+00
9.75162E-03 0.00000E+00
9.83834E-03 0.00000E+00
9.91976E-03 0.00000E+00
9.99570E-03 0.00000E+00
1.00660E-02 0.00000E+00
1.01304E-02 0.00000E+00
1.01888E-02 0.00000E+00
1.02410E-02 0.00000E+00
1.02869E-02 0.00000E+00
1.03261E-02 0.00000E+00
1.03587E-02 0.00000E+00
1.03843E-02 0.00000E+00
1.04029E-02 0.00000E+00
1.04141E-02 0.00000E+00
1.04179E-02 0.00000E+00
1.04141E-02 0.00000E+00
1.04029E-02 0.00000E+00
1.03843E-02 0.00000E+00
1.03587E-02 0.00000E+00
1.03261E-02 0.00000E+00
1.02869E-02 0.00000E+00
1.02410E-02 0.00000E+00
1.01888E-02 0.00000E+00
1.01304E-02 0.00000E+00
1.00660E-02 0.00000E+00
9.99570E-03 0.00000E+00
9.91976E-03 0.00000E+00
9.83834E-03 0.00000E+00
9.75162E-03 0.00000E+00
9.65977E-03 0.00000E+00
9.56297E-03 0.00000E+00
9.46140E-03 0.00000E+00
9.35525E-03 0.00000E+00
9.24468E-03 0.00000E+00
9.12988E-03 0.00000E+00
9.01103E-03 0.00000E+00
8.88830E-03 0.00000E+00
8.76188E-03 0.00000E+00
8.63194E-03 0.00000E+00
8.49867E-03 0.00000E+00
8.36223E-03 0.00000E+00
8.22282E-03 0.00000E+00
8.08060E-03 0.00000E+00
7.93576E-03 0.00000E+00
7.78848E-03 0.00000E+00
7.63893E-03 0.00000E+00
7.48730E-03 0.00000E+00
7.33376E-03 0.00000E+00
7.17849E-03 0.00000E+00
7.02167E-03 0.00000E+00
6.86347E-03 0.00000E+00
6.70409E-03 0.00000E+00
6.54370E-03 0.00000E+00
6.38247E-03 0.00000E+00
6.22058E-03 0.00000E+00
6.05822E-03 0.00000E+00
5.89556E-03 0.00000E+00
5.73277E-03 0.00000E+00
5.57005E-03 0.00000E+00
5.40757E-03 0.00000E+00
5.24551E-03 0.00000E+00
5.08404E-03 0.00000E+00
4.92334E-03 0.00000E+00
4.76360E-03 0.00000E+00
4.60500E-03 0.00000E+00
4.44770E-03 0.00000E+00
4.29189E-03 0.00000E+00
4.13775E-03 0.00000E+00
3.98546E-03 0.00000E+00
3.83520E-03 0.00000E+00
3.68714E-03 0.00000E+00
3.54147E-03 0.00000E+00
3.39836E-03 0.00000E+00
3.25799E-03 0.00000E+00
3.12054E-03 0.00000E+00
2.98619E-03 0.00000E+00
2.85512E-03 0.00000E+00
2.72751E-03 0.00000E+00
2.60353E-03 0.00000E+00
2.48337E-03 0.00000E+00
2.36696E-03 0.00000E+00
2.25425E-03 0.00000E+00
2.14517E-03 0.00000E+00
2.03967E-03 0.00000E+00
1.93769E-03 0.00000E+00
1.83916E-03 0.00000E+00
1.74403E-03 0.00000E+00
1.65224E-03 0.00000E+00
1.56373E-03 0.00000E+00
1.47843E-03 0.00000E+00
1.39630E-03 0.00000E+00
1.31726E-03 0.00000E+00
1.24127E-03 0.00000E+00
1.16825E-03 0.00000E+00
1.09816E-03 0.00000E+00
1.03092E-03 0.00000E+00
9.66489E-04 0.00000E+00
9.04799E-04 0.00000E+00
8.45790E-04 0.00000E+00
7.89404E-04 0.00000E+00
7.35581E-04 0.00000E+00
6.84261E-04 0.00000E+00
6.35386E-04 0.00000E+00
5.88894E-04 0.00000E+00
5.44727E-04 0.00000E+00
5.02825E-04 0.00000E+00
4.63128E-04 0.00000E+00
4.25577E-04 0.00000E+00
3.90112E-04 0.00000E+00
3.56674E-04 0.00000E+00
3.25203E-04 0.00000E+00
2.95639E-04 0.00000E+00
2.67923E-04 0.00000E+00
2.41995E-04 0.00000E+00
2.17795E-04 0.00000E+00
1.95265E-04 0.00000E+00
1.74344E-04 0.00000E+00
1.54972E-04 0.00000E+00
1.37091E-04 0.00000E+00
1.20640E-04 0.00000E+00
1.05560E-04 0.00000E+00
9.17912E-05 0.00000E+00
7.92742E-05 0.00000E+00
6.79493E-05 0.00000E+00
5.77569E-05 0.00000E+00
4.86374E-05 0.00000E+00
4.05312E-05 0.00000E+00
3.33786E-05 0.00000E+00
2.71201E-05 0.00000E+00
2.16961E-05 0.00000E+00
1.70469E-05 0.00000E+00
1.31130E-05 0.00000E+00
9.83477E-06 0.00000E+00
7.15256E-06 0.00000E+00
5.00679E-06 0.00000E+00
3.33786E-06 0.00000E+00
2.08616E-06 0.00000E+00
1.19209E-06 0.00000E+00
5.96046E-07 0.00000E+00
2.38419E-07 0.00000E+00
5.96046E-08 0.00000E+00
