1.45519E-11 0.00000E+00
5.82077E-11 0.00000E+00
1.45519E-10 0.00000E+00
2.91038E-10 0.00000E+00
5.09317E-10 0.00000E+00
8.14907E-10 0.00000E+00
1.22236E-09 0.00000E+00
1.74623E-09 0.00000E+00
2.40107E-09 0.00000E+00
3.20142E-09 0.00000E+00
4.16185E-09 0.00000E+00
5.29690E-09 0.00000E+00
6.62112E-09 0.00000E+00
8.14907E-09 0.00000E+00
9.89530E-09 0.00000E+00
1.18744E-08 0.00000E+00
1.41008E-08 0.00000E+00
1.65892E-08 0.00000E+00
1.93540E-08 0.00000E+00
2.24099E-08 0.00000E+00
2.57714E-08 0.00000E+00
2.94531E-08 0.00000E+00
3.34694E-08 0.00000E+00
3.78350E-08 0.00000E+00
4.25644E-08 0.00000E+00
4.76721E-08 0.00000E+00
5.31727E-08 0.00000E+00
5.90808E-08 0.00000E+00
6.54109E-08 0.00000E+00
7.21775E-08 0.00000E+00
7.93952E-08 0.00000E+00
8.70787E-08 0.00000E+00
9.52423E-08 0.00000E+00
1.03901E-07 0.00000E+00
1.13068E-07 0.00000E+00
1.22760E-07 0.00000E+00
1.32990E-07 0.00000E+00
1.43773E-07 0.00000E+00
1.55123E-07 0.00000E+00
1.67056E-07 0.00000E+00
1.79585E-07 0.00000E+00
1.92726E-07 0.00000E+00
2.06492E-07 0.00000E+00
2.20898E-07 0.00000E+00
2.35959E-07 0.00000E+00
2.51690E-07 0.00000E+00
2.68104E-07 0.00000E+00
2.85218E-07 0.00000E+00
3.03044E-07 0.00000E+00
3.21597E-07 0.00000E+00
3.40893E-07 0.00000E+00
3.60946E-07 0.00000E+00
3.81769E-07 0.00000E+00
4.03379E-07 0.00000E+00
4.25789E-07 0.00000E+00
4.49014E-07 0.00000E+00
4.73068E-07 0.00000E+00
4.97967E-07 0.00000E+00
5.23723E-07 0.00000E+00
5.50353E-07 0.00000E+00
5.77871E-07 0.00000E+00
6.06291E-07 0.00000E+00
6.35628E-07 0.00000E+00
6.65896E-07 0.00000E+00
6.97109E-07 0.00000E+00
7.29284E-07 0.00000E+00
7.62433E-07 0.00000E+00
7.96572E-07 0.00000E+00
8.31715E-07 0.00000E+00
8.67876E-07 0.00000E+00
9.05071E-07 0.00000E+00
9.43313E-07 0.00000E+00
9.82618E-07 0.00000E+00
1.02300E-06 0.00000E+00
1.06447E-06 0.00000E+00
1.10705E-06 0.00000E+00
1.15075E-06 0.00000E+00
1.19559E-06 0.00000E+00
1.24157E-06 0.00000E+00
1.28872E-06 0.00000E+00
1.33704E-06 0.00000E+00
1.38656E-06 0.00000E+00
1.43729E-06 0.00000E+00
1.48924E-06 0.00000E+00
1.54243E-06 0.00000E+00
1.59687E-06 0.00000E+00
1.65257E-06 0.00000E+00
1.70956E-06 0.00000E+00
1.76784E-06 0.00000E+00
1.82743E-06 0.00000E+00
1.88834E-06 0.00000E+00
1.95060E-06 0.00000E+00
2.01420E-06 0.00000E+00
2.07918E-06 0.00000E+00
2.14553E-06 0.00000E+00
2.21329E-06 0.00000E+00
2.28245E-06 0.00000E+00
2.35304E-06 0.00000E+00
2.42508E-06 0.00000E+00
2.49856E-06 0.00000E+00
2.57352E-06 0.00000E+00
2.64996E-06 0.00000E+00
2.72790E-06 0.00000E+00
2.80736E-06 0.00000E+00
2.88834E-06 0.00000E+00
2.97086E-06 0.00000E+00
3.05494E-06 0.00000E+00
3.14059E-06 0.00000E+00
3.22783E-06 0.00000E+00
3.31667E-06 0.00000E+00
3.40713E-06 0.00000E+00
3.49921E-06 0.00000E+00
3.59294E-06 0.00000E+00
3.68833E-06 0.00000E+00
3.78539E-06 0.00000E+00
3.88414E-06 0.00000E+00
3.98459E-06 0.00000E+00
4.08676E-06 0.00000E+00
4.19066E-06 0.00000E+00
4.29631E-06 0.00000E+00
4.40372E-06 0.00000E+00
4.51290E-06 0.00000E+00
4.62387E-06 0.00000E+00
4.73665E-06 0.00000E+00
4.85124E-06 0.00000E+00
4.96767E-06 0.00000E+00
5.08595E-06 0.00000E+00
5.20609E-06 0.00000E+00
5.32811E-06 0.00000E+00
5.45202E-06 0.00000E+00
5.57784E-06 0.00000E+00
5.70557E-06 0.00000E+00
5.83525E-06 0.00000E+00
5.96687E-06 0.00000E+00
6.10045E-06 0.00000E+00
6.23602E-06 0.00000E+00
6.37358E-06 0.00000E+00
6.51315E-06 0.00000E+00
6.65474E-06 0.00000E+00
6.79836E-06 0.00000E+00
6.94404E-06 0.00000E+00
7.09179E-06 0.00000E+00
7.24162E-06 0.00000E+00
7.39354E-06 0.00000E+00
7.54757E-06 0.00000E+00
7.70373E-06 0.00000E+00
7.86202E-06 0.00000E+00
8.02247E-06 0.00000E+00
8.18509E-06 0.00000E+00
8.34989E-06 0.00000E+00
8.51689E-06 0.00000E+00
8.68610E-06 0.00000E+00
8.85753E-06 0.00000E+00
9.03121E-06 0.00000E+00
9.20714E-06 0.00000E+00
9.38535E-06 0.00000E+00
9.56583E-06 0.00000E+00
9.74862E-06 0.00000E+00
9.93372E-06 0.00000E+00
1.01211E-05 0.00000E+00
1.03109E-05 0.00000E+00
1.05030E-05 0.00000E+00
1.06975E-05 0.00000E+00
1.08944E-05 0.00000E+00
1.10937E-05 0.00000E+00
1.12954E-05 0.00000E+00
1.14996E-05 0.00000E+00
1.17061E-05 0.00000E+00
1.19152E-05 0.00000E+00
1.21267E-05 0.00000E+00
1.23407E-05 0.00000E+00
1.25572E-05 0.00000E+00
1.27762E-05 0.00000E+00
1.29978E-05 0.00000E+00
1.32219E-05 0.00000E+00
1.34485E-05 0.00000E+00
1.36778E-05 0.00000E+00
1.39096E-05 0.00000E+00
1.41440E-05 0.00000E+00
1.43811E-05 0.00000E+00
1.46208E-05 0.00000E+00
1.48631E-05 0.00000E+00
1.51081E-05 0.00000E+00
1.53558E-05 0.00000E+00
1.56061E-05 0.00000E+00
1.58592E-05 0.00000E+00
1.61150E-05 0.00000E+00
1.63735E-05 0.00000E+00
1.66348E-05 0.00000E+00
1.68988E-05 0.00000E+00
1.71657E-05 0.00000E+00
1.74353E-05 0.00000E+00
1.77077E-05 0.00000E+00
1.79830E-05 0.00000E+00
1.82611E-05 0.00000E+00
1.85420E-05 0.00000E+00
1.88258E-05 0.00000E+00
1.91125E-05 0.00000E+00
1.94021E-05 0.00000E+00
1.96946E-05 0.00000E+00
1.99900E-05 0.00000E+00
2.02883E-05 0.00000E+00
2.05897E-05 0.00000E+00
2.08939E-05 0.00000E+00
2.12012E-05 0.00000E+00
2.15115E-05 0.00000E+00
2.18247E-05 0.00000E+00
2.21410E-05 0.00000E+00
2.24604E-05 0.00000E+00
2.27828E-05 0.00000E+00
2.31082E-05 0.00000E+00
2.34368E-05 0.00000E+00
2.37684E-05 0.00000E+00
2.41032E-05 0.00000E+00
2.44411E-05 0.00000E+00
2.47821E-05 0.00000E+00
2.51263E-05 0.00000E+00
2.54737E-05 0.00000E+00
2.58243E-05 0.00000E+00
2.61780E-05 0.00000E+00
2.65350E-05 0.00000E+00
2.68952E-05 0.00000E+00
2.72586E-05 0.00000E+00
2.76254E-05 0.00000E+00
2.79953E-05 0.00000E+00
2.83686E-05 0.00000E+00
2.87452E-05 0.00000E+00
2.91251E-05 0.00000E+00
2.95083E-05 0.00000E+00
2.98949E-05 0.00000E+00
3.02848E-05 0.00000E+00
3.06781E-05 0.00000E+00
3.10748E-05 0.00000E+00
3.14749E-05 0.00000E+00
3.18784E-05 0.00000E+00
3.22854E-05 0.00000E+00
3.26958E-05 0.00000E+00
3.31097E-05 0.00000E+00
3.35270E-05 0.00000E+00
3.39479E-05 0.00000E+00
3.43722E-05 0.00000E+00
3.48001E-05 0.00000E+00
3.52315E-05 0.00000E+00
3.56665E-05 0.00000E+00
3.61050E-05 0.00000E+00
3.65471E-05 0.00000E+00
3.69928E-05 0.00000E+00
3.74421E-05 0.00000E+00
3.78950E-05 0.00000E+00
3.83516E-05 0.00000E+00
3.88118E-05 0.00000E+00
3.92757E-05 0.00000E+00
3.97432E-05 0.00000E+00
4.02145E-05 0.00000E+00
4.06895E-05 0.00000E+00
4.11682E-05 0.00000E+00
4.16506E-05 0.00000E+00
4.21368E-05 0.00000E+00
4.26268E-05 0.00000E+00
4.31205E-05 0.00000E+00
4.36181E-05 0.00000E+00
4.41194E-05 0.00000E+00
4.46246E-05 0.00000E+00
4.51336E-05 0.00000E+00
4.56465E-05 0.00000E+00
4.61633E-05 0.00000E+00
4.66839E-05 0.00000E+00
4.72085E-05 0.00000E+00
4.77369E-05 0.00000E+00
4.82693E-05 0.00000E+00
4.88056E-05 0.00000E+00
4.93459E-05 0.00000E+00
4.98901E-05 0.00000E+00
5.04384E-05 0.00000E+00
5.09906E-05 0.00000E+00
5.15469E-05 0.00000E+00
5.21072E-05 0.00000E+00
5.26715E-05 0.00000E+00
5.32399E-05 0.00000E+00
5.38124E-05 0.00000E+00
5.43890E-05 0.00000E+00
5.49696E-05 0.00000E+00
5.55544E-05 0.00000E+00
5.61433E-05 0.00000E+00
5.67364E-05 0.00000E+00
5.73336E-05 0.00000E+00
5.79350E-05 0.00000E+00
5.85406E-05 0.00000E+00
5.91504E-05 0.00000E+00
5.97644E-05 0.00000E+00
6.03827E-05 0.00000E+00
6.10052E-05 0.00000E+00
6.16319E-05 0.00000E+00
6.22630E-05 0.00000E+00
6.28983E-05 0.00000E+00
6.35380E-05 0.00000E+00
6.41819E-05 0.00000E+00
6.48302E-05 0.00000E+00
6.54829E-05 0.00000E+00
6.61399E-05 0.00000E+00
6.68013E-05 0.00000E+00
6.74671E-05 0.00000E+00
6.81373E-05 0.00000E+00
6.88119E-05 0.00000E+00
6.94910E-05 0.00000E+00
7.01745E-05 0.00000E+00
7.08625E-05 0.00000E+00
7.15550E-05 0.00000E+00
7.22519E-05 0.00000E+00
7.29534E-05 0.00000E+00
7.36594E-05 0.00000E+00
7.43699E-05 0.00000E+00
7.50850E-05 0.00000E+00
7.58047E-05 0.00000E+00
7.65290E-05 0.00000E+00
7.72578E-05 0.00000E+00
7.79913E-05 0.00000E+00
7.87294E-05 0.00000E+00
7.94721E-05 0.00000E+00
8.02195E-05 0.00000E+00
8.09715E-05 0.00000E+00
8.17283E-05 0.00000E+00
8.24897E-05 0.00000E+00
8.32559E-05 0.00000E+00
8.40268E-05 0.00000E+00
8.48024E-05 0.00000E+00
8.55828E-05 0.00000E+00
8.63679E-05 0.00000E+00
8.71579E-05 0.00000E+00
8.79526E-05 0.00000E+00
8.87522E-05 0.00000E+00
8.95566E-05 0.00000E+00
9.03659E-05 0.00000E+00
9.11800E-05 0.00000E+00
9.19990E-05 0.00000E+00
9.28228E-05 0.00000E+00
9.36516E-05 0.00000E+00
9.44853E-05 0.00000E+00
9.53239E-05 0.00000E+00
9.61675E-05 0.00000E+00
9.70160E-05 0.00000E+00
9.78695E-05 0.00000E+00
9.87281E-05 0.00000E+00
9.95916E-05 0.00000E+00
1.00460E-04 0.00000E+00
1.01334E-04 0.00000E+00
1.02212E-04 0.00000E+00
1.03096E-04 0.00000E+00
1.03985E-04 0.00000E+00
1.04879E-04 0.00000E+00
1.05778E-04 0.00000E+00
1.06682E-04 0.00000E+00
1.07591E-04 0.00000E+00
1.08505E-04 0.00000E+00
1.09425E-04 0.00000E+00
1.10349E-04 0.00000E+00
1.11279E-04 0.00000E+00
1.12214E-04 0.00000E+00
1.13155E-04 0.00000E+00
1.14100E-04 0.00000E+00
1.15051E-04 0.00000E+00
1.16007E-04 0.00000E+00
1.16969E-04 0.00000E+00
1.17935E-04 0.00000E+00
1.18907E-04 0.00000E+00
1.19885E-04 0.00000E+00
1.20867E-04 0.00000E+00
1.21855E-04 0.00000E+00
1.22849E-04 0.00000E+00
1.23848E-04 0.00000E+00
1.24852E-04 0.00000E+00
1.25861E-04 0.00000E+00
1.26876E-04 0.00000E+00
1.27897E-04 0.00000E+00
1.28923E-04 0.00000E+00
1.29954E-04 0.00000E+00
1.30991E-04 0.00000E+00
1.32033E-04 0.00000E+00
1.33081E-04 0.00000E+00
1.34135E-04 0.00000E+00
1.35194E-04 0.00000E+00
1.36258E-04 0.00000E+00
1.37328E-04 0.00000E+00
1.38404E-04 0.00000E+00
1.39485E-04 0.00000E+00
1.40572E-04 0.00000E+00
1.41665E-04 0.00000E+00
1.42763E-04 0.00000E+00
1.43867E-04 0.00000E+00
1.44976E-04 0.00000E+00
1.46091E-04 0.00000E+00
1.47212E-04 0.00000E+00
1.48339E-04 0.00000E+00
1.49471E-04 0.00000E+00
1.50609E-04 0.00000E+00
1.51753E-04 0.00000E+00
1.52903E-04 0.00000E+00
1.54058E-04 0.00000E+00
1.55219E-04 0.00000E+00
1.56387E-04 0.00000E+00
1.57559E-04 0.00000E+00
1.58738E-04 0.00000E+00
1.59923E-04 0.00000E+00
1.61113E-04 0.00000E+00
1.62310E-04 0.00000E+00
1.63512E-04 0.00000E+00
1.64720E-04 0.00000E+00
1.65934E-04 0.00000E+00
1.67154E-04 0.00000E+00
1.68381E-04 0.00000E+00
1.69613E-04 0.00000E+00
1.70851E-04 0.00000E+00
1.72095E-04 0.00000E+00
1.73345E-04 0.00000E+00
1.74601E-04 0.00000E+00
1.75863E-04 0.00000E+00
1.77131E-04 0.00000E+00
1.78406E-04 0.00000E+00
1.79686E-04 0.00000E+00
1.80973E-04 0.00000E+00
1.82265E-04 0.00000E+00
1.83564E-04 0.00000E+00
1.84869E-04 0.00000E+00
1.86180E-04 0.00000E+00
1.87497E-04 0.00000E+00
1.88821E-04 0.00000E+00
1.90151E-04 0.00000E+00
1.91487E-04 0.00000E+00
1.92829E-04 0.00000E+00
1.94177E-04 0.00000E+00
1.95532E-04 0.00000E+00
1.96893E-04 0.00000E+00
1.98260E-04 0.00000E+00
1.99634E-04 0.00000E+00
2.01014E-04 0.00000E+00
2.02400E-04 0.00000E+00
2.03793E-04 0.00000E+00
2.05192E-04 0.00000E+00
2.06597E-04 0.00000E+00
2.08009E-04 0.00000E+00
2.09427E-04 0.00000E+00
2.10852E-04 0.00000E+00
2.12283E-04 0.00000E+00
2.13721E-04 0.00000E+00
2.15165E-04 0.00000E+00
2.16615E-04 0.00000E+00
2.18072E-04 0.00000E+00
2.19536E-04 0.00000E+00
2.21006E-04 0.00000E+00
2.22483E-04 0.00000E+00
2.23966E-04 0.00000E+00
2.25456E-04 0.00000E+00
2.26952E-04 0.00000E+00
2.28455E-04 0.00000E+00
2.29965E-04 0.00000E+00
2.31481E-04 0.00000E+00
2.33004E-04 0.00000E+00
2.34534E-04 0.00000E+00
2.36070E-04 0.00000E+00
2.37613E-04 0.00000E+00
2.39162E-04 0.00000E+00
2.40719E-04 0.00000E+00
2.42282E-04 0.00000E+00
2.43852E-04 0.00000E+00
2.45428E-04 0.00000E+00
2.47012E-04 0.00000E+00
2.48602E-04 0.00000E+00
2.50199E-04 0.00000E+00
2.51803E-04 0.00000E+00
2.53413E-04 0.00000E+00
2.55031E-04 0.00000E+00
2.56655E-04 0.00000E+00
2.58287E-04 0.00000E+00
2.59925E-04 0.00000E+00
2.61570E-04 0.00000E+00
2.63222E-04 0.00000E+00
2.64881E-04 0.00000E+00
2.66547E-04 0.00000E+00
2.68220E-04 0.00000E+00
2.69900E-04 0.00000E+00
2.71586E-04 0.00000E+00
2.73280E-04 0.00000E+00
2.74981E-04 0.00000E+00
2.76689E-04 0.00000E+00
2.78404E-04 0.00000E+00
2.80126E-04 0.00000E+00
2.81856E-04 0.00000E+00
2.83592E-04 0.00000E+00
2.85335E-04 0.00000E+00
2.87086E-04 0.00000E+00
2.88843E-04 0.00000E+00
2.90608E-04 0.00000E+00
2.92380E-04 0.00000E+00
2.94159E-04 0.00000E+00
2.95946E-04 0.00000E+00
2.97739E-04 0.00000E+00
2.99540E-04 0.00000E+00
3.01348E-04 0.00000E+00
3.03164E-04 0.00000E+00
3.04986E-04 0.00000E+00
3.06816E-04 0.00000E+00
3.08653E-04 0.00000E+00
3.10498E-04 0.00000E+00
3.12350E-04 0.00000E+00
3.14209E-04 0.00000E+00
3.16076E-04 0.00000E+00
3.17950E-04 0.00000E+00
3.19831E-04 0.00000E+00
3.21720E-04 0.00000E+00
3.23616E-04 0.00000E+00
3.25520E-04 0.00000E+00
3.27431E-04 0.00000E+00
3.29349E-04 0.00000E+00
3.31275E-04 0.00000E+00
3.33208E-04 0.00000E+00
3.35149E-04 0.00000E+00
3.37096E-04 0.00000E+00
3.39051E-04 0.00000E+00
3.41013E-04 0.00000E+00
3.42982E-04 0.00000E+00
3.44958E-04 0.00000E+00
3.46942E-04 0.00000E+00
3.48932E-04 0.00000E+00
3.50929E-04 0.00000E+00
3.52933E-04 0.00000E+00
3.54944E-04 0.00000E+00
3.56961E-04 0.00000E+00
3.58986E-04 0.00000E+00
3.61017E-04 0.00000E+00
3.63054E-04 0.00000E+00
3.65099E-04 0.00000E+00
3.67150E-04 0.00000E+00
3.69207E-04 0.00000E+00
3.71271E-04 0.00000E+00
3.73341E-04 0.00000E+00
3.75418E-04 0.00000E+00
3.77501E-04 0.00000E+00
3.79591E-04 0.00000E+00
3.81686E-04 0.00000E+00
3.83788E-04 0.00000E+00
3.85897E-04 0.00000E+00
3.88011E-04 0.00000E+00
3.90131E-04 0.00000E+00
3.92258E-04 0.00000E+00
3.94390E-04 0.00000E+00
3.96529E-04 0.00000E+00
3.98673E-04 0.00000E+00
4.00823E-04 0.00000E+00
4.02979E-04 0.00000E+00
4.05141E-04 0.00000E+00
4.07309E-04 0.00000E+00
4.09482E-04 0.00000E+00
4.11661E-04 0.00000E+00
4.13845E-04 0.00000E+00
4.16036E-04 0.00000E+00
4.18231E-04 0.00000E+00
4.20432E-04 0.00000E+00
4.22639E-04 0.00000E+00
4.24851E-04 0.00000E+00
4.27068E-04 0.00000E+00
4.29291E-04 0.00000E+00
4.31519E-04 0.00000E+00
4.33752E-04 0.00000E+00
4.35991E-04 0.00000E+00
4.38234E-04 0.00000E+00
4.40483E-04 0.00000E+00
4.42736E-04 0.00000E+00
4.44995E-04 0.00000E+00
4.47258E-04 0.00000E+00
4.49527E-04 0.00000E+00
4.51800E-04 0.00000E+00
4.54079E-04 0.00000E+00
4.56362E-04 0.00000E+00
4.58649E-04 0.00000E+00
4.60942E-04 0.00000E+00
4.63239E-04 0.00000E+00
4.65541E-04 0.00000E+00
4.67847E-04 0.00000E+00
4.70158E-04 0.00000E+00
4.72473E-04 0.00000E+00
4.74793E-04 0.00000E+00
4.77117E-04 0.00000E+00
4.79445E-04 0.00000E+00
4.81778E-04 0.00000E+00
4.84115E-04 0.00000E+00
4.86456E-04 0.00000E+00
4.88802E-04 0.00000E+00
4.91152E-04 0.00000E+00
4.93505E-04 0.00000E+00
4.95863E-04 0.00000E+00
4.98225E-04 0.00000E+00
5.00590E-04 0.00000E+00
5.02960E-04 0.00000E+00
5.05333E-04 0.00000E+00
5.07711E-04 0.00000E+00
5.10092E-04 0.00000E+00
5.12477E-04 0.00000E+00
5.14865E-04 0.00000E+00
5.17257E-04 0.00000E+00
5.19653E-04 0.00000E+00
5.22052E-04 0.00000E+00
5.24455E-04 0.00000E+00
5.26861E-04 0.00000E+00
5.29271E-04 0.00000E+00
5.31684E-04 0.00000E+00
5.34101E-04 0.00000E+00
5.36521E-04 0.00000E+00
5.38944E-04 0.00000E+00
5.41370E-04 0.00000E+00
5.43800E-04 0.00000E+00
5.46232E-04 0.00000E+00
5.48668E-04 0.00000E+00
5.51107E-04 0.00000E+00
5.53548E-04 0.00000E+00
5.55993E-04 0.00000E+00
5.58440E-04 0.00000E+00
5.60891E-04 0.00000E+00
5.63344E-04 0.00000E+00
5.65800E-04 0.00000E+00
5.68259E-04 0.00000E+00
5.70720E-04 0.00000E+00
5.73185E-04 0.00000E+00
5.75651E-04 0.00000E+00
5.78121E-04 0.00000E+00
5.80592E-04 0.00000E+00
5.83067E-04 0.00000E+00
5.85543E-04 0.00000E+00
5.88022E-04 0.00000E+00
5.90504E-04 0.00000E+00
5.92988E-04 0.00000E+00
5.95474E-04 0.00000E+00
5.97962E-04 0.00000E+00
6.00452E-04 0.00000E+00
6.02945E-04 0.00000E+00
6.05439E-04 0.00000E+00
6.07936E-04 0.00000E+00
6.10434E-04 0.00000E+00
6.12935E-04 0.00000E+00
6.15438E-04 0.00000E+00
6.17942E-04 0.00000E+00
6.20448E-04 0.00000E+00
6.22956E-04 0.00000E+00
6.25466E-04 0.00000E+00
6.27977E-04 0.00000E+00
6.30490E-04 0.00000E+00
6.33004E-04 0.00000E+00
6.35521E-04 0.00000E+00
6.38038E-04 0.00000E+00
6.40557E-04 0.00000E+00
6.43078E-04 0.00000E+00
6.45600E-04 0.00000E+00
6.48123E-04 0.00000E+00
6.50648E-04 0.00000E+00
6.53174E-04 0.00000E+00
6.55701E-04 0.00000E+00
6.58229E-04 0.00000E+00
6.60758E-04 0.00000E+00
6.63288E-04 0.00000E+00
6.65820E-04 0.00000E+00
6.68352E-04 0.00000E+00
6.70886E-04 0.00000E+00
6.73420E-04 0.00000E+00
6.75955E-04 0.00000E+00
6.78491E-04 0.00000E+00
6.81028E-04 0.00000E+00
6.83565E-04 0.00000E+00
6.86103E-04 0.00000E+00
6.88642E-04 0.00000E+00
6.91181E-04 0.00000E+00
6.93721E-04 0.00000E+00
6.96262E-04 0.00000E+00
6.98803E-04 0.00000E+00
7.01344E-04 0.00000E+00
7.03886E-04 0.00000E+00
7.06428E-04 0.00000E+00
7.08970E-04 0.00000E+00
7.11512E-04 0.00000E+00
7.14055E-04 0.00000E+00
7.16598E-04 0.00000E+00
7.19141E-04 0.00000E+00
7.21684E-04 0.00000E+00
7.24227E-04 0.00000E+00
7.26770E-04 0.00000E+00
7.29314E-04 0.00000E+00
7.31856E-04 0.00000E+00
7.34399E-04 0.00000E+00
7.36942E-04 0.00000E+00
7.39484E-04 0.00000E+00
7.42026E-04 0.00000E+00
7.44568E-04 0.00000E+00
7.47110E-04 0.00000E+00
7.49651E-04 0.00000E+00
7.52191E-04 0.00000E+00
7.54731E-04 0.00000E+00
7.57271E-04 0.00000E+00
7.59810E-04 0.00000E+00
7.62348E-04 0.00000E+00
7.64886E-04 0.00000E+00
7.67423E-04 0.00000E+00
7.69959E-04 0.00000E+00
7.72494E-04 0.00000E+00
7.75029E-04 0.00000E+00
7.77563E-04 0.00000E+00
7.80095E-04 0.00000E+00
7.82627E-04 0.00000E+00
7.85158E-04 0.00000E+00
7.87688E-04 0.00000E+00
7.90216E-04 0.00000E+00
7.92744E-04 0.00000E+00
7.95270E-04 0.00000E+00
7.97795E-04 0.00000E+00
8.00318E-04 0.00000E+00
8.02841E-04 0.00000E+00
8.05362E-04 0.00000E+00
8.07881E-04 0.00000E+00
8.10400E-04 0.00000E+00
8.12916E-04 0.00000E+00
8.15431E-04 0.00000E+00
8.17945E-04 0.00000E+00
8.20457E-04 0.00000E+00
8.22967E-04 0.00000E+00
8.25475E-04 0.00000E+00
8.27982E-04 0.00000E+00
8.30487E-04 0.00000E+00
8.32990E-04 0.00000E+00
8.35491E-04 0.00000E+00
8.37991E-04 0.00000E+00
8.40488E-04 0.00000E+00
8.42983E-04 0.00000E+00
8.45476E-04 0.00000E+00
8.47968E-04 0.00000E+00
8.50456E-04 0.00000E+00
8.52943E-04 0.00000E+00
8.55428E-04 0.00000E+00
8.57910E-04 0.00000E+00
8.60390E-04 0.00000E+00
8.62867E-04 0.00000E+00
8.65342E-04 0.00000E+00
8.67815E-04 0.00000E+00
8.70285E-04 0.00000E+00
8.72753E-04 0.00000E+00
8.75218E-04 0.00000E+00
8.77680E-04 0.00000E+00
8.80140E-04 0.00000E+00
8.82597E-04 0.00000E+00
8.85051E-04 0.00000E+00
8.87502E-04 0.00000E+00
8.89951E-04 0.00000E+00
8.92396E-04 0.00000E+00
8.94839E-04 0.00000E+00
8.97279E-04 0.00000E+00
8.99716E-04 0.00000E+00
9.02149E-04 0.00000E+00
9.04580E-04 0.00000E+00
9.07007E-04 0.00000E+00
9.09431E-04 0.00000E+00
9.11852E-04 0.00000E+00
9.14270E-04 0.00000E+00
9.16684E-04 0.00000E+00
9.19095E-04 0.00000E+00
9.21502E-04 0.00000E+00
9.23906E-04 0.00000E+00
9.26307E-04 0.00000E+00
9.28704E-04 0.00000E+00
9.31097E-04 0.00000E+00
9.33487E-04 0.00000E+00
9.35873E-04 0.00000E+00
9.38255E-04 0.00000E+00
9.40634E-04 0.00000E+00
9.43009E-04 0.00000E+00
9.45380E-04 0.00000E+00
9.47747E-04 0.00000E+00
9.50110E-04 0.00000E+00
9.52469E-04 0.00000E+00
9.54824E-04 0.00000E+00
9.57175E-04 0.00000E+00
9.59521E-04 0.00000E+00
9.61864E-04 0.00000E+00
9.64203E-04 0.00000E+00
9.66537E-04 0.00000E+00
9.68867E-04 0.00000E+00
9.71192E-04 0.00000E+00
9.73513E-04 0.00000E+00
9.75830E-04 0.00000E+00
9.78143E-04 0.00000E+00
9.80450E-04 0.00000E+00
9.82754E-04 0.00000E+00
9.85052E-04 0.00000E+00
9.87346E-04 0.00000E+00
9.89636E-04 0.00000E+00
9.91920E-04 0.00000E+00
9.94200E-04 0.00000E+00
9.96475E-04 0.00000E+00
9.98745E-04 0.00000E+00
1.00101E-03 0.00000E+00
1.00327E-03 0.00000E+00
1.00553E-03 0.00000E+00
1.00778E-03 0.00000E+00
1.01002E-03 0.00000E+00
1.01226E-03 0.00000E+00
1.01450E-03 0.00000E+00
1.01673E-03 0.00000E+00
1.01895E-03 0.00000E+00
1.02117E-03 0.00000E+00
1.02338E-03 0.00000E+00
1.02559E-03 0.00000E+00
1.02779E-03 0.00000E+00
1.02999E-03 0.00000E+00
1.03218E-03 0.00000E+00
1.03437E-03 0.00000E+00
1.03655E-03 0.00000E+00
1.03873E-03 0.00000E+00
1.04090E-03 0.00000E+00
1.04306E-03 0.00000E+00
1.04522E-03 0.00000E+00
1.04737E-03 0.00000E+00
1.04952E-03 0.00000E+00
1.05166E-03 0.00000E+00
1.05379E-03 0.00000E+00
1.05592E-03 0.00000E+00
1.05804E-03 0.00000E+00
1.06016E-03 0.00000E+00
1.06227E-03 0.00000E+00
1.06437E-03 0.00000E+00
1.06647E-03 0.00000E+00
1.06856E-03 0.00000E+00
1.07065E-03 0.00000E+00
1.07273E-03 0.00000E+00
1.07480E-03 0.00000E+00
1.07687E-03 0.00000E+00
1.07892E-03 0.00000E+00
1.08098E-03 0.00000E+00
1.08302E-03 0.00000E+00
1.08506E-03 0.00000E+00
1.08710E-03 0.00000E+00
1.08912E-03 0.00000E+00
1.09114E-03 0.00000E+00
1.09316E-03 0.00000E+00
1.09516E-03 0.00000E+00
1.09716E-03 0.00000E+00
1.09916E-03 0.00000E+00
1.10114E-03 0.00000E+00
1.10312E-03 0.00000E+00
1.10509E-03 0.00000E+00
1.10705E-03 0.00000E+00
1.10901E-03 0.00000E+00
1.11096E-03 0.00000E+00
1.11291E-03 0.00000E+00
1.11484E-03 0.00000E+00
1.11677E-03 0.00000E+00
1.11869E-03 0.00000E+00
1.12060E-03 0.00000E+00
1.12251E-03 0.00000E+00
1.12441E-03 0.00000E+00
1.12630E-03 0.00000E+00
1.12818E-03 0.00000E+00
1.13006E-03 0.00000E+00
1.13193E-03 0.00000E+00
1.13379E-03 0.00000E+00
1.13564E-03 0.00000E+00
1.13749E-03 0.00000E+00
1.13932E-03 0.00000E+00
1.14115E-03 0.00000E+00
1.14297E-03 0.00000E+00
1.14479E-03 0.00000E+00
1.14659E-03 0.00000E+00
1.14839E-03 0.00000E+00
1.15018E-03 0.00000E+00
1.15196E-03 0.00000E+00
1.15373E-03 0.00000E+00
1.15550E-03 0.00000E+00
1.15725E-03 0.00000E+00
1.15900E-03 0.00000E+00
1.16074E-03 0.00000E+00
1.16247E-03 0.00000E+00
1.16420E-03 0.00000E+00
1.16591E-03 0.00000E+00
1.16762E-03 0.00000E+00
1.16932E-03 0.00000E+00
1.17100E-03 0.00000E+00
1.17268E-03 0.00000E+00
1.17436E-03 0.00000E+00
1.17602E-03 0.00000E+00
1.17767E-03 0.00000E+00
1.17932E-03 0.00000E+00
1.18095E-03 0.00000E+00
1.18258E-03 0.00000E+00
1.18420E-03 0.00000E+00
1.18581E-03 0.00000E+00
1.18741E-03 0.00000E+00
1.18900E-03 0.00000E+00
1.19058E-03 0.00000E+00
1.19216E-03 0.00000E+00
1.19372E-03 0.00000E+00
1.19527E-03 0.00000E+00
1.19682E-03 0.00000E+00
1.19835E-03 0.00000E+00
1.19988E-03 0.00000E+00
1.20140E-03 0.00000E+00
1.20290E-03 0.00000E+00
1.20440E-03 0.00000E+00
1.20589E-03 0.00000E+00
1.20737E-03 0.00000E+00
1.20884E-03 0.00000E+00
1.21030E-03 0.00000E+00
1.21175E-03 0.00000E+00
1.21319E-03 0.00000E+00
1.21462E-03 0.00000E+00
1.21604E-03 0.00000E+00
1.21745E-03 0.00000E+00
1.21885E-03 0.00000E+00
1.22024E-03 0.00000E+00
1.22162E-03 0.00000E+00
1.22299E-03 0.00000E+00
1.22435E-03 0.00000E+00
1.22570E-03 0.00000E+00
1.22704E-03 0.00000E+00
1.22837E-03 0.00000E+00
1.22968E-03 0.00000E+00
1.23099E-03 0.00000E+00
1.23229E-03 0.00000E+00
1.23358E-03 0.00000E+00
1.23486E-03 0.00000E+00
1.23612E-03 0.00000E+00
1.23738E-03 0.00000E+00
1.23862E-03 0.00000E+00
1.23986E-03 0.00000E+00
1.24108E-03 0.00000E+00
1.24230E-03 0.00000E+00
1.24350E-03 0.00000E+00
1.24469E-03 0.00000E+00
1.24587E-03 0.00000E+00
1.24704E-03 0.00000E+00
1.24820E-03 0.00000E+00
1.24935E-03 0.00000E+00
1.25048E-03 0.00000E+00
1.25161E-03 0.00000E+00
1.25272E-03 0.00000E+00
1.25383E-03 0.00000E+00
1.25492E-03 0.00000E+00
1.25600E-03 0.00000E+00
1.25707E-03 0.00000E+00
1.25813E-03 0.00000E+00
1.25917E-03 0.00000E+00
1.26021E-03 0.00000E+00
1.26123E-03 0.00000E+00
1.26224E-03 0.00000E+00
1.26325E-03 0.00000E+00
1.26423E-03 0.00000E+00
1.26521E-03 0.00000E+00
1.26618E-03 0.00000E+00
1.26713E-03 0.00000E+00
1.26807E-03 0.00000E+00
1.26900E-03 0.00000E+00
1.26992E-03 0.00000E+00
1.27083E-03 0.00000E+00
1.27172E-03 0.00000E+00
1.27260E-03 0.00000E+00
1.27348E-03 0.00000E+00
1.27433E-03 0.00000E+00
1.27518E-03 0.00000E+00
1.27601E-03 0.00000E+00
1.27683E-03 0.00000E+00
1.27764E-03 0.00000E+00
1.27844E-03 0.00000E+00
1.27923E-03 0.00000E+00
1.28000E-03 0.00000E+00
1.28076E-03 0.00000E+00
1.28151E-03 0.00000E+00
1.28224E-03 0.00000E+00
1.28296E-03 0.00000E+00
1.28367E-03 0.00000E+00
1.28437E-03 0.00000E+00
1.28505E-03 0.00000E+00
1.28572E-03 0.00000E+00
1.28638E-03 0.00000E+00
1.28703E-03 0.00000E+00
1.28766E-03 0.00000E+00
1.28828E-03 0.00000E+00
1.28889E-03 0.00000E+00
1.28948E-03 0.00000E+00
1.29006E-03 0.00000E+00
1.29063E-03 0.00000E+00
1.29118E-03 0.00000E+00
1.29173E-03 0.00000E+00
1.29225E-03 0.00000E+00
1.29277E-03 0.00000E+00
1.29327E-03 0.00000E+00
1.29376E-03 0.00000E+00
1.29423E-03 0.00000E+00
1.29469E-03 0.00000E+00
1.29514E-03 0.00000E+00
1.29558E-03 0.00000E+00
1.29600E-03 0.00000E+00
1.29640E-03 0.00000E+00
1.29680E-03 0.00000E+00
1.29718E-03 0.00000E+00
1.29754E-03 0.00000E+00
1.29789E-03 0.00000E+00
1.29823E-03 0.00000E+00
1.29856E-03 0.00000E+00
1.29887E-03 0.00000E+00
1.29916E-03 0.00000E+00
1.29945E-03 0.00000E+00
1.29971E-03 0.00000E+00
1.29997E-03 0.00000E+00
1.30021E-03 0.00000E+00
1.30043E-03 0.00000E+00
1.30065E-03 0.00000E+00
1.30084E-03 0.00000E+00
1.30103E-03 0.00000E+00
1.30119E-03 0.00000E+00
1.30135E-03 0.00000E+00
1.30149E-03 0.00000E+00
1.30161E-03 0.00000E+00
1.30172E-03 0.00000E+00
1.30182E-03 0.00000E+00
1.30190E-03 0.00000E+00
1.30197E-03 0.00000E+00
1.30202E-03 0.00000E+00
1.30206E-03 0.00000E+00
1.30208E-03 0.00000E+00
1.30209E-03 0.00000E+00
1.30208E-03 0.00000E+00
1.30206E-03 0.00000E+00
1.30202E-03 0.00000E+00
1.30197E-03 0.00000E+00
1.30190E-03 0.00000E+00
1.30182E-03 0.00000E+00
1.30172E-03 0.00000E+00
1.30161E-03 0.00000E+00
1.30149E-03 0.00000E+00
1.30135E-03 0.00000E+00
1.30119E-03 0.00000E+00
1.30103E-03 0.00000E+00
1.30084E-03 0.00000E+00
1.30065E-03 0.00000E+00
1.30043E-03 0.00000E+00
1.30021E-03 0.00000E+00
1.29997E-03 0.00000E+00
1.29971E-03 0.00000E+00
1.29945E-03 0.00000E+00
1.29916E-03 0.00000E+00
1.29887E-03 0.00000E+00
1.29856E-03 0.00000E+00
1.29823E-03 0.00000E+00
1.29789E-03 0.00000E+00
1.29754E-03 0.00000E+00
1.29718E-03 0.00000E+00
1.29680E-03 0.00000E+00
1.29640E-03 0.00000E+00
1.29600E-03 0.00000E+00
1.29558E-03 0.00000E+00
1.29514E-03 0.00000E+00
1.29469E-03 0.00000E+00
1.29423E-03 0.00000E+00
1.29376E-03 0.00000E+00
1.29327E-03 0.00000E+00
1.29277E-03 0.00000E+00
1.29225E-03 0.00000E+00
1.29173E-03 0.00000E+00
1.29118E-03 0.00000E+00
1.29063E-03 0.00000E+00
1.29006E-03 0.00000E+00
1.28948E-03 0.00000E+00
1.28889E-03 0.00000E+00
1.28828E-03 0.00000E+00
1.28766E-03 0.00000E+00
1.28703E-03 0.00000E+00
1.28638E-03 0.00000E+00
1.28572E-03 0.00000E+00
1.28505E-03 0.00000E+00
1.28437E-03 0.00000E+00
1.28367E-03 0.00000E+00
1.28296E-03 0.00000E+00
1.28224E-03 0.00000E+00
1.28151E-03 0.00000E+00
1.28076E-03 0.00000E+00
1.28000E-03 0.00000E+00
1.27923E-03 0.00000E+00
1.27844E-03 0.00000E+00
1.27764E-03 0.00000E+00
1.27683E-03 0.00000E+00
1.27601E-03 0.00000E+00
1.27518E-03 0.00000E+00
1.27433E-03 0.00000E+00
1.27348E-03 0.00000E+00
1.27260E-03 0.00000E+00
1.27172E-03 0.00000E+00
1.27083E-03 0.00000E+00
1.26992E-03 0.00000E+00
1.26900E-03 0.00000E+00
1.26807E-03 0.00000E+00
1.26713E-03 0.00000E+00
1.26618E-03 0.00000E+00
1.26521E-03 0.00000E+00
1.26423E-03 0.00000E+00
1.26325E-03 0.00000E+00
1.26224E-03 0.00000E+00
1.26123E-03 0.00000E+00
1.26021E-03 0.00000E+00
1.25917E-03 0.00000E+00
1.25813E-03 0.00000E+00
1.25707E-03 0.00000E+00
1.25600E-03 0.00000E+00
1.25492E-03 0.00000E+00
1.25383E-03 0.00000E+00
1.25272E-03 0.00000E+00
1.25161E-03 0.00000E+00
1.25048E-03 0.00000E+00
1.24935E-03 0.00000E+00
1.24820E-03 0.00000E+00
1.24704E-03 0.00000E+00
1.24587E-03 0.00000E+00
1.24469E-03 0.00000E+00
1.24350E-03 0.00000E+00
1.24230E-03 0.00000E+00
1.24108E-03 0.00000E+00
1.23986E-03 0.00000E+00
1.23862E-03 0.00000E+00
1.23738E-03 0.00000E+00
1.23612E-03 0.00000E+00
1.23486E-03 0.00000E+00
1.23358E-03 0.00000E+00
1.23229E-03 0.00000E+00
1.23099E-03 0.00000E+00
1.22968E-03 0.00000E+00
1.22837E-03 0.00000E+00
1.22704E-03 0.00000E+00
1.22570E-03 0.00000E+00
1.22435E-03 0.00000E+00
1.22299E-03 0.00000E+00
1.22162E-03 0.00000E+00
1.22024E-03 0.00000E+00
1.21885E-03 0.00000E+00
1.21745E-03 0.00000E+00
1.21604E-03 0.00000E+00
1.21462E-03 0.00000E+00
1.21319E-03 0.00000E+00
1.21175E-03 0.00000E+00
1.21030E-03 0.00000E+00
1.20884E-03 0.00000E+00
1.20737E-03 0.00000E+00
1.20589E-03 0.00000E+00
1.20440E-03 0.00000E+00
1.20290E-03 0.00000E+00
1.20140E-03 0.00000E+00
1.19988E-03 0.00000E+00
1.19835E-03 0.00000E+00
1.19682E-03 0.00000E+00
1.19527E-03 0.00000E+00
1.19372E-03 0.00000E+00
1.19216E-03 0.00000E+00
1.19058E-03 0.00000E+00
1.18900E-03 0.00000E+00
1.18741E-03 0.00000E+00
1.18581E-03 0.00000E+00
1.18420E-03 0.00000E+00
1.18258E-03 0.00000E+00
1.18095E-03 0.00000E+00
1.17932E-03 0.00000E+00
1.17767E-03 0.00000E+00
1.17602E-03 0.00000E+00
1.17436E-03 0.00000E+00
1.17268E-03 0.00000E+00
1.17100E-03 0.00000E+00
1.16932E-03 0.00000E+00
1.16762E-03 0.00000E+00
1.16591E-03 0.00000E+00
1.16420E-03 0.00000E+00
1.16247E-03 0.00000E+00
1.16074E-03 0.00000E+00
1.15900E-03 0.00000E+00
1.15725E-03 0.00000E+00
1.15550E-03 0.00000E+00
1.15373E-03 0.00000E+00
1.15196E-03 0.00000E+00
1.15018E-03 0.00000E+00
1.14839E-03 0.00000E+00
1.14659E-03 0.00000E+00
1.14479E-03 0.00000E+00
1.14297E-03 0.00000E+00
1.14115E-03 0.00000E+00
1.13932E-03 0.00000E+00
1.13749E-03 0.00000E+00
1.13564E-03 0.00000E+00
1.13379E-03 0.00000E+00
1.13193E-03 0.00000E+00
1.13006E-03 0.00000E+00
1.12818E-03 0.00000E+00
1.12630E-03 0.00000E+00
1.12441E-03 0.00000E+00
1.12251E-03 0.00000E+00
1.12060E-03 0.00000E+00
1.11869E-03 0.00000E+00
1.11677E-03 0.00000E+00
1.11484E-03 0.00000E+00
1.11291E-03 0.00000E+00
1.11096E-03 0.00000E+00
1.10901E-03 0.00000E+00
1.10705E-03 0.00000E+00
1.10509E-03 0.00000E+00
1.10312E-03 0.00000E+00
1.10114E-03 0.00000E+00
1.09916E-03 0.00000E+00
1.09716E-03 0.00000E+00
1.09516E-03 0.00000E+00
1.09316E-03 0.00000E+00
1.09114E-03 0.00000E+00
1.08912E-03 0.00000E+00
1.08710E-03 0.00000E+00
1.08506E-03 0.00000E+00
1.08302E-03 0.00000E+00
1.08098E-03 0.00000E+00
1.07892E-03 0.00000E+00
1.07687E-03 0.00000E+00
1.07480E-03 0.00000E+00
1.07273E-03 0.00000E+00
1.07065E-03 0.00000E+00
1.06856E-03 0.00000E+00
1.06647E-03 0.00000E+00
1.06437E-03 0.00000E+00
1.06227E-03 0.00000E+00
1.06016E-03 0.00000E+00
1.05804E-03 0.00000E+00
1.05592E-03 0.00000E+00
1.05379E-03 0.00000E+00
1.05166E-03 0.00000E+00
1.04952E-03 0.00000E+00
1.04737E-03 0.00000E+00
1.04522E-03 0.00000E+00
1.04306E-03 0.00000E+00
1.04090E-03 0.00000E+00
1.03873E-03 0.00000E+00
1.03655E-03 0.00000E+00
1.03437E-03 0.00000E+00
1.03218E-03 0.00000E+00
1.02999E-03 0.00000E+00
1.02779E-03 0.00000E+00
1.02559E-03 0.00000E+00
1.02338E-03 0.00000E+00
1.02117E-03 0.00000E+00
1.01895E-03 0.00000E+00
1.01673E-03 0.00000E+00
1.01450E-03 0.00000E+00
1.01226E-03 0.00000E+00
1.01002E-03 0.00000E+00
1.00778E-03 0.00000E+00
1.00553E-03 0.00000E+00
1.00327E-03 0.00000E+00
1.00101E-03 0.00000E+00
9.98745E-04 0.00000E+00
9.96475E-04 0.00000E+00
9.94200E-04 0.00000E+00
9.91920E-04 0.00000E+00
9.89636E-04 0.00000E+00
9.87346E-04 0.00000E+00
9.85052E-04 0.00000E+00
9.82754E-04 0.00000E+00
9.80450E-04 0.00000E+00
9.78143E-04 0.00000E+00
9.75830E-04 0.00000E+00
9.73513E-04 0.00000E+00
9.71192E-04 0.00000E+00
9.68867E-04 0.00000E+00
9.66537E-04 0.00000E+00
9.64203E-04 0.00000E+00
9.61864E-04 0.00000E+00
9.59521E-04 0.00000E+00
9.57175E-04 0.00000E+00
9.54824E-04 0.00000E+00
9.52469E-04 0.00000E+00
9.50110E-04 0.00000E+00
9.47747E-04 0.00000E+00
9.45380E-04 0.00000E+00
9.43009E-04 0.00000E+00
9.40634E-04 0.00000E+00
9.38255E-04 0.00000E+00
9.35873E-04 0.00000E+00
9.33487E-04 0.00000E+00
9.31097E-04 0.00000E+00
9.28704E-04 0.00000E+00
9.26307E-04 0.00000E+00
9.23906E-04 0.00000E+00
9.21502E-04 0.00000E+00
9.19095E-04 0.00000E+00
9.16684E-04 0.00000E+00
9.14270E-04 0.00000E+00
9.11852E-04 0.00000E+00
9.09431E-04 0.00000E+00
9.07007E-04 0.00000E+00
9.04580E-04 0.00000E+00
9.02149E-04 0.00000E+00
8.99716E-04 0.00000E+00
8.97279E-04 0.00000E+00
8.94839E-04 0.00000E+00
8.92396E-04 0.00000E+00
8.89951E-04 0.00000E+00
8.87502E-04 0.00000E+00
8.85051E-04 0.00000E+00
8.82597E-04 0.00000E+00
8.80140E-04 0.00000E+00
8.77680E-04 0.00000E+00
8.75218E-04 0.00000E+00
8.72753E-04 0.00000E+00
8.70285E-04 0.00000E+00
8.67815E-04 0.00000E+00
8.65342E-04 0.00000E+00
8.62867E-04 0.00000E+00
8.60390E-04 0.00000E+00
8.57910E-04 0.00000E+00
8.55428E-04 0.00000E+00
8.52943E-04 0.00000E+00
8.50456E-04 0.00000E+00
8.47968E-04 0.00000E+00
8.45476E-04 0.00000E+00
8.42983E-04 0.00000E+00
8.40488E-04 0.00000E+00
8.37991E-04 0.00000E+00
8.35491E-04 0.00000E+00
8.32990E-04 0.00000E+00
8.30487E-04 0.00000E+00
8.27982E-04 0.00000E+00
8.25475E-04 0.00000E+00
8.22967E-04 0.00000E+00
8.20457E-04 0.00000E+00
8.17945E-04 0.00000E+00
8.15431E-04 0.00000E+00
8.12916E-04 0.00000E+00
8.10400E-04 0.00000E+00
8.07881E-04 0.00000E+00
8.05362E-04 0.00000E+00
8.02841E-04 0.00000E+00
8.00318E-04 0.00000E+00
7.97795E-04 0.00000E+00
7.95270E-04 0.00000E+00
7.92744E-04 0.00000E+00
7.90216E-04 0.00000E+00
7.87688E-04 0.00000E+00
7.85158E-04 0.00000E+00
7.82627E-04 0.00000E+00
7.80095E-04 0.00000E+00
7.77563E-04 0.00000E+00
7.75029E-04 0.00000E+00
7.72494E-04 0.00000E+00
7.69959E-04 0.00000E+00
7.67423E-04 0.00000E+00
7.64886E-04 0.00000E+00
7.62348E-04 0.00000E+00
7.59810E-04 0.00000E+00
7.57271E-04 0.00000E+00
7.54731E-04 0.00000E+00
7.52191E-04 0.00000E+00
7.49651E-04 0.00000E+00
7.47110E-04 0.00000E+00
7.44568E-04 0.00000E+00
7.42026E-04 0.00000E+00
7.39484E-04 0.00000E+00
7.36942E-04 0.00000E+00
7.34399E-04 0.00000E+00
7.31856E-04 0.00000E+00
7.29314E-04 0.00000E+00
7.26770E-04 0.00000E+00
7.24227E-04 0.00000E+00
7.21684E-04 0.00000E+00
7.19141E-04 0.00000E+00
7.16598E-04 0.00000E+00
7.14055E-04 0.00000E+00
7.11512E-04 0.00000E+00
7.08970E-04 0.00000E+00
7.06428E-04 0.00000E+00
7.03886E-04 0.00000E+00
7.01344E-04 0.00000E+00
6.98803E-04 0.00000E+00
6.96262E-04 0.00000E+00
6.93721E-04 0.00000E+00
6.91181E-04 0.00000E+00
6.88642E-04 0.00000E+00
6.86103E-04 0.00000E+00
6.83565E-04 0.00000E+00
6.81028E-04 0.00000E+00
6.78491E-04 0.00000E+00
6.75955E-04 0.00000E+00
6.73420E-04 0.00000E+00
6.70886E-04 0.00000E+00
6.68352E-04 0.00000E+00
6.65820E-04 0.00000E+00
6.63288E-04 0.00000E+00
6.60758E-04 0.00000E+00
6.58229E-04 0.00000E+00
6.55701E-04 0.00000E+00
6.53174E-04 0.00000E+00
6.50648E-04 0.00000E+00
6.48123E-04 0.00000E+00
6.45600E-04 0.00000E+00
6.43078E-04 0.00000E+00
6.40557E-04 0.00000E+00
6.38038E-04 0.00000E+00
6.35521E-04 0.00000E+00
6.33004E-04 0.00000E+00
6.30490E-04 0.00000E+00
6.27977E-04 0.00000E+00
6.25466E-04 0.00000E+00
6.22956E-04 0.00000E+00
6.20448E-04 0.00000E+00
6.17942E-04 0.00000E+00
6.15438E-04 0.00000E+00
6.12935E-04 0.00000E+00
6.10434E-04 0.00000E+00
6.07936E-04 0.00000E+00
6.05439E-04 0.00000E+00
6.02945E-04 0.00000E+00
6.00452E-04 0.00000E+00
5.97962E-04 0.00000E+00
5.95474E-04 0.00000E+00
5.92988E-04 0.00000E+00
5.90504E-04 0.00000E+00
5.88022E-04 0.00000E+00
5.85543E-04 0.00000E+00
5.83067E-04 0.00000E+00
5.80592E-04 0.00000E+00
5.78121E-04 0.00000E+00
5.75651E-04 0.00000E+00
5.73185E-04 0.00000E+00
5.70720E-04 0.00000E+00
5.68259E-04 0.00000E+00
5.65800E-04 0.00000E+00
5.63344E-04 0.00000E+00
5.60891E-04 0.00000E+00
5.58440E-04 0.00000E+00
5.55993E-04 0.00000E+00
5.53548E-04 0.00000E+00
5.51107E-04 0.00000E+00
5.48668E-04 0.00000E+00
5.46232E-04 0.00000E+00
5.43800E-04 0.00000E+00
5.41370E-04 0.00000E+00
5.38944E-04 0.00000E+00
5.36521E-04 0.00000E+00
5.34101E-04 0.00000E+00
5.31684E-04 0.00000E+00
5.29271E-04 0.00000E+00
5.26861E-04 0.00000E+00
5.24455E-04 0.00000E+00
5.22052E-04 0.00000E+00
5.19653E-04 0.00000E+00
5.17257E-04 0.00000E+00
5.14865E-04 0.00000E+00
5.12477E-04 0.00000E+00
5.10092E-04 0.00000E+00
5.07711E-04 0.00000E+00
5.05333E-04 0.00000E+00
5.02960E-04 0.00000E+00
5.00590E-04 0.00000E+00
4.98225E-04 0.00000E+00
4.95863E-04 0.00000E+00
4.93505E-04 0.00000E+00
4.91152E-04 0.00000E+00
4.88802E-04 0.00000E+00
4.86456E-04 0.00000E+00
4.84115E-04 0.00000E+00
4.81778E-04 0.00000E+00
4.79445E-04 0.00000E+00
4.77117E-04 0.00000E+00
4.74793E-04 0.00000E+00
4.72473E-04 0.00000E+00
4.70158E-04 0.00000E+00
4.67847E-04 0.00000E+00
4.65541E-04 0.00000E+00
4.63239E-04 0.00000E+00
4.60942E-04 0.00000E+00
4.58649E-04 0.00000E+00
4.56362E-04 0.00000E+00
4.54079E-04 0.00000E+00
4.51800E-04 0.00000E+00
4.49527E-04 0.00000E+00
4.47258E-04 0.00000E+00
4.44995E-04 0.00000E+00
4.42736E-04 0.00000E+00
4.40483E-04 0.00000E+00
4.38234E-04 0.00000E+00
4.35991E-04 0.00000E+00
4.33752E-04 0.00000E+00
4.31519E-04 0.00000E+00
4.29291E-04 0.00000E+00
4.27068E-04 0.00000E+00
4.24851E-04 0.00000E+00
4.22639E-04 0.00000E+00
4.20432E-04 0.00000E+00
4.18231E-04 0.00000E+00
4.16036E-04 0.00000E+00
4.13845E-04 0.00000E+00
4.11661E-04 0.00000E+00
4.09482E-04 0.00000E+00
4.07309E-04 0.00000E+00
4.05141E-04 0.00000E+00
4.02979E-04 0.00000E+00
4.00823E-04 0.00000E+00
3.98673E-04 0.00000E+00
3.96529E-04 0.00000E+00
3.94390E-04 0.00000E+00
3.92258E-04 0.00000E+00
3.90131E-04 0.00000E+00
3.88011E-04 0.00000E+00
3.85897E-04 0.00000E+00
3.83788E-04 0.00000E+00
3.81686E-04 0.00000E+00
3.79591E-04 0.00000E+00
3.77501E-04 0.00000E+00
3.75418E-04 0.00000E+00
3.73341E-04 0.00000E+00
3.71271E-04 0.00000E+00
3.69207E-04 0.00000E+00
3.67150E-04 0.00000E+00
3.65099E-04 0.00000E+00
3.63054E-04 0.00000E+00
3.61017E-04 0.00000E+00
3.58986E-04 0.00000E+00
3.56961E-04 0.00000E+00
3.54944E-04 0.00000E+00
3.52933E-04 0.00000E+00
3.50929E-04 0.00000E+00
3.48932E-04 0.00000E+00
3.46942E-04 0.00000E+00
3.44958E-04 0.00000E+00
3.42982E-04 0.00000E+00
3.41013E-04 0.00000E+00
3.39051E-04 0.00000E+00
3.37096E-04 0.00000E+00
3.35149E-04 0.00000E+00
3.33208E-04 0.00000E+00
3.31275E-04 0.00000E+00
3.29349E-04 0.00000E+00
3.27431E-04 0.00000E+00
3.25520E-04 0.00000E+00
3.23616E-04 0.00000E+00
3.21720E-04 0.00000E+00
3.19831E-04 0.00000E+00
3.17950E-04 0.00000E+00
3.16076E-04 0.00000E+00
3.14209E-04 0.00000E+00
3.12350E-04 0.00000E+00
3.10498E-04 0.00000E+00
3.08653E-04 0.00000E+00
3.06816E-04 0.00000E+00
3.04986E-04 0.00000E+00
3.03164E-04 0.00000E+00
3.01348E-04 0.00000E+00
2.99540E-04 0.00000E+00
2.97739E-04 0.00000E+00
2.95946E-04 0.00000E+00
2.94159E-04 0.00000E+00
2.92380E-04 0.00000E+00
2.90608E-04 0.00000E+00
2.88843E-04 0.00000E+00
2.87086E-04 0.00000E+00
2.85335E-04 0.00000E+00
2.83592E-04 0.00000E+00
2.81856E-04 0.00000E+00
2.80126E-04 0.00000E+00
2.78404E-04 0.00000E+00
2.76689E-04 0.00000E+00
2.74981E-04 0.00000E+00
2.73280E-04 0.00000E+00
2.71586E-04 0.00000E+00
2.69900E-04 0.00000E+00
2.68220E-04 0.00000E+00
2.66547E-04 0.00000E+00
2.64881E-04 0.00000E+00
2.63222E-04 0.00000E+00
2.61570E-04 0.00000E+00
2.59925E-04 0.00000E+00
2.58287E-04 0.00000E+00
2.56655E-04 0.00000E+00
2.55031E-04 0.00000E+00
2.53413E-04 0.00000E+00
2.51803E-04 0.00000E+00
2.50199E-04 0.00000E+00
2.48602E-04 0.00000E+00
2.47012E-04 0.00000E+00
2.45428E-04 0.00000E+00
2.43852E-04 0.00000E+00
2.42282E-04 0.00000E+00
2.40719E-04 0.00000E+00
2.39162E-04 0.00000E+00
2.37613E-04 0.00000E+00
2.36070E-04 0.00000E+00
2.34534E-04 0.00000E+00
2.33004E-04 0.00000E+00
2.31481E-04 0.00000E+00
2.29965E-04 0.00000E+00
2.28455E-04 0.00000E+00
2.26952E-04 0.00000E+00
2.25456E-04 0.00000E+00
2.23966E-04 0.00000E+00
2.22483E-04 0.00000E+00
2.21006E-04 0.00000E+00
2.19536E-04 0.00000E+00
2.18072E-04 0.00000E+00
2.16615E-04 0.00000E+00
2.15165E-04 0.00000E+00
2.13721E-04 0.00000E+00
2.12283E-04 0.00000E+00
2.10852E-04 0.00000E+00
2.09427E-04 0.00000E+00
2.08009E-04 0.00000E+00
2.06597E-04 0.00000E+00
2.05192E-04 0.00000E+00
2.03793E-04 0.00000E+00
2.02400E-04 0.00000E+00
2.01014E-04 0.00000E+00
1.99634E-04 0.00000E+00
1.98260E-04 0.00000E+00
1.96893E-04 0.00000E+00
1.95532E-04 0.00000E+00
1.94177E-04 0.00000E+00
1.92829E-04 0.00000E+00
1.91487E-04 0.00000E+00
1.90151E-04 0.00000E+00
1.88821E-04 0.00000E+00
1.87497E-04 0.00000E+00
1.86180E-04 0.00000E+00
1.84869E-04 0.00000E+00
1.83564E-04 0.00000E+00
1.82265E-04 0.00000E+00
1.80973E-04 0.00000E+00
1.79686E-04 0.00000E+00
1.78406E-04 0.00000E+00
1.77131E-04 0.00000E+00
1.75863E-04 0.00000E+00
1.74601E-04 0.00000E+00
1.73345E-04 0.00000E+00
1.72095E-04 0.00000E+00
1.70851E-04 0.00000E+00
1.69613E-04 0.00000E+00
1.68381E-04 0.00000E+00
1.67154E-04 0.00000E+00
1.65934E-04 0.00000E+00
1.64720E-04 0.00000E+00
1.63512E-04 0.00000E+00
1.62310E-04 0.00000E+00
1.61113E-04 0.00000E+00
1.59923E-04 0.00000E+00
1.58738E-04 0.00000E+00
1.57559E-04 0.00000E+00
1.56387E-04 0.00000E+00
1.55219E-04 0.00000E+00
1.54058E-04 0.00000E+00
1.52903E-04 0.00000E+00
1.51753E-04 0.00000E+00
1.50609E-04 0.00000E+00
1.49471E-04 0.00000E+00
1.48339E-04 0.00000E+00
1.47212E-04 0.00000E+00
1.46091E-04 0.00000E+00
1.44976E-04 0.00000E+00
1.43867E-04 0.00000E+00
1.42763E-04 0.00000E+00
1.41665E-04 0.00000E+00
1.40572E-04 0.00000E+00
1.39485E-04 0.00000E+00
1.38404E-04 0.00000E+00
1.37328E-04 0.00000E+00
1.36258E-04 0.00000E+00
1.35194E-04 0.00000E+00
1.34135E-04 0.00000E+00
1.33081E-04 0.00000E+00
1.32033E-04 0.00000E+00
1.30991E-04 0.00000E+00
1.29954E-04 0.00000E+00
1.28923E-04 0.00000E+00
1.27897E-04 0.00000E+00
1.26876E-04 0.00000E+00
1.25861E-04 0.00000E+00
1.24852E-04 0.00000E+00
1.23848E-04 0.00000E+00
1.22849E-04 0.00000E+00
1.21855E-04 0.00000E+00
1.20867E-04 0.00000E+00
1.19885E-04 0.00000E+00
1.18907E-04 0.00000E+00
1.17935E-04 0.00000E+00
1.16969E-04 0.00000E+00
1.16007E-04 0.00000E+00
1.15051E-04 0.00000E+00
1.14100E-04 0.00000E+00
1.13155E-04 0.00000E+00
1.12214E-04 0.00000E+00
1.11279E-04 0.00000E+00
1.10349E-04 0.00000E+00
1.09425E-04 0.00000E+00
1.08505E-04 0.00000E+00
1.07591E-04 0.00000E+00
1.06682E-04 0.00000E+00
1.05778E-04 0.00000E+00
1.04879E-04 0.00000E+00
1.03985E-04 0.00000E+00
1.03096E-04 0.00000E+00
1.02212E-04 0.00000E+00
1.01334E-04 0.00000E+00
1.00460E-04 0.00000E+00
9.95916E-05 0.00000E+00
9.87281E-05 0.00000E+00
9.78695E-05 0.00000E+00
9.70160E-05 0.00000E+00
9.61675E-05 0.00000E+00
9.53239E-05 0.00000E+00
9.44853E-05 0.00000E+00
9.36516E-05 0.00000E+00
9.28228E-05 0.00000E+00
9.19990E-05 0.00000E+00
9.11800E-05 0.00000E+00
9.03659E-05 0.00000E+00
8.95566E-05 0.00000E+00
8.87522E-05 0.00000E+00
8.79526E-05 0.00000E+00
8.71579E-05 0.00000E+00
8.63679E-05 0.00000E+00
8.55828E-05 0.00000E+00
8.48024E-05 0.00000E+00
8.40268E-05 0.00000E+00
8.32559E-05 0.00000E+00
8.24897E-05 0.00000E+00
8.17283E-05 0.00000E+00
8.09715E-05 0.00000E+00
8.02195E-05 0.00000E+00
7.94721E-05 0.00000E+00
7.87294E-05 0.00000E+00
7.79913E-05 0.00000E+00
7.72578E-05 0.00000E+00
7.65290E-05 0.00000E+00
7.58047E-05 0.00000E+00
7.50850E-05 0.00000E+00
7.43699E-05 0.00000E+00
7.36594E-05 0.00000E+00
7.29534E-05 0.00000E+00
7.22519E-05 0.00000E+00
7.15550E-05 0.00000E+00
7.08625E-05 0.00000E+00
7.01745E-05 0.00000E+00
6.94910E-05 0.00000E+00
6.88119E-05 0.00000E+00
6.81373E-05 0.00000E+00
6.74671E-05 0.00000E+00
6.68013E-05 0.00000E+00
6.61399E-05 0.00000E+00
6.54829E-05 0.00000E+00
6.48302E-05 0.00000E+00
6.41819E-05 0.00000E+00
6.35380E-05 0.00000E+00
6.28983E-05 0.00000E+00
6.22630E-05 0.00000E+00
6.16319E-05 0.00000E+00
6.10052E-05 0.00000E+00
6.03827E-05 0.00000E+00
5.97644E-05 0.00000E+00
5.91504E-05 0.00000E+00
5.85406E-05 0.00000E+00
5.79350E-05 0.00000E+00
5.73336E-05 0.00000E+00
5.67364E-05 0.00000E+00
5.61433E-05 0.00000E+00
5.55544E-05 0.00000E+00
5.49696E-05 0.00000E+00
5.43890E-05 0.00000E+00
5.38124E-05 0.00000E+00
5.32399E-05 0.00000E+00
5.26715E-05 0.00000E+00
5.21072E-05 0.00000E+00
5.15469E-05 0.00000E+00
5.09906E-05 0.00000E+00
5.04384E-05 0.00000E+00
4.98901E-05 0.00000E+00
4.93459E-05 0.00000E+00
4.88056E-05 0.00000E+00
4.82693E-05 0.00000E+00
4.77369E-05 0.00000E+00
4.72085E-05 0.00000E+00
4.66839E-05 0.00000E+00
4.61633E-05 0.00000E+00
4.56465E-05 0.00000E+00
4.51336E-05 0.00000E+00
4.46246E-05 0.00000E+00
4.41194E-05 0.00000E+00
4.36181E-05 0.00000E+00
4.31205E-05 0.00000E+00
4.26268E-05 0.00000E+00
4.21368E-05 0.00000E+00
4.16506E-05 0.00000E+00
4.11682E-05 0.00000E+00
4.06895E-05 0.00000E+00
4.02145E-05 0.00000E+00
3.97432E-05 0.00000E+00
3.92757E-05 0.00000E+00
3.88118E-05 0.00000E+00
3.83516E-05 0.00000E+00
3.78950E-05 0.00000E+00
3.74421E-05 0.00000E+00
3.69928E-05 0.00000E+00
3.65471E-05 0.00000E+00
3.61050E-05 0.00000E+00
3.56665E-05 0.00000E+00
3.52315E-05 0.00000E+00
3.48001E-05 0.00000E+00
3.43722E-05 0.00000E+00
3.39479E-05 0.00000E+00
3.35270E-05 0.00000E+00
3.31097E-05 0.00000E+00
3.26958E-05 0.00000E+00
3.22854E-05 0.00000E+00
3.18784E-05 0.00000E+00
3.14749E-05 0.00000E+00
3.10748E-05 0.00000E+00
3.06781E-05 0.00000E+00
3.02848E-05 0.00000E+00
2.98949E-05 0.00000E+00
2.95083E-05 0.00000E+00
2.91251E-05 0.00000E+00
2.87452E-05 0.00000E+00
2.83686E-05 0.00000E+00
2.79953E-05 0.00000E+00
2.76254E-05 0.00000E+00
2.72586E-05 0.00000E+00
2.68952E-05 0.00000E+00
2.65350E-05 0.00000E+00
2.61780E-05 0.00000E+00
2.58243E-05 0.00000E+00
2.54737E-05 0.00000E+00
2.51263E-05 0.00000E+00
2.47821E-05 0.00000E+00
2.44411E-05 0.00000E+00
2.41032E-05 0.00000E+00
2.37684E-05 0.00000E+00
2.34368E-05 0.00000E+00
2.31082E-05 0.00000E+00
2.27828E-05 0.00000E+00
2.24604E-05 0.00000E+00
2.21410E-05 0.00000E+00
2.18247E-05 0.00000E+00
2.15115E-05 0.00000E+00
2.12012E-05 0.00000E+00
2.08939E-05 0.00000E+00
2.05897E-05 0.00000E+00
2.02883E-05 0.00000E+00
1.99900E-05 0.00000E+00
1.96946E-05 0.00000E+00
1.94021E-05 0.00000E+00
1.91125E-05 0.00000E+00
1.88258E-05 0.00000E+00
1.85420E-05 0.00000E+00
1.82611E-05 0.00000E+00
1.79830E-05 0.00000E+00
1.77077E-05 0.00000E+00
1.74353E-05 0.00000E+00
1.71657E-05 0.00000E+00
1.68988E-05 0.00000E+00
1.66348E-05 0.00000E+00
1.63735E-05 0.00000E+00
1.61150E-05 0.00000E+00
1.58592E-05 0.00000E+00
1.56061E-05 0.00000E+00
1.53558E-05 0.00000E+00
1.51081E-05 0.00000E+00
1.48631E-05 0.00000E+00
1.46208E-05 0.00000E+00
1.43811E-05 0.00000E+00
1.41440E-05 0.00000E+00
1.39096E-05 0.00000E+00
1.36778E-05 0.00000E+00
1.34485E-05 0.00000E+00
1.32219E-05 0.00000E+00
1.29978E-05 0.00000E+00
1.27762E-05 0.00000E+00
1.25572E-05 0.00000E+00
1.23407E-05 0.00000E+00
1.21267E-05 0.00000E+00
1.19152E-05 0.00000E+00
1.17061E-05 0.00000E+00
1.14996E-05 0.00000E+00
1.12954E-05 0.00000E+00
1.10937E-05 0.00000E+00
1.08944E-05 0.00000E+00
1.06975E-05 0.00000E+00
1.05030E-05 0.00000E+00
1.03109E-05 0.00000E+00
1.01211E-05 0.00000E+00
9.93372E-06 0.00000E+00
9.74862E-06 0.00000E+00
9.56583E-06 0.00000E+00
9.38535E-06 0.00000E+00
9.20714E-06 0.00000E+00
9.03121E-06 0.00000E+00
8.85753E-06 0.00000E+00
8.68610E-06 0.00000E+00
8.51689E-06 0.00000E+00
8.34989E-06 0.00000E+00
8.18509E-06 0.00000E+00
8.02247E-06 0.00000E+00
7.86202E-06 0.00000E+00
7.70373E-06 0.00000E+00
7.54757E-06 0.00000E+00
7.39354E-06 0.00000E+00
7.24162E-06 0.00000E+00
7.09179E-06 0.00000E+00
6.94404E-06 0.00000E+00
6.79836E-06 0.00000E+00
6.65474E-06 0.00000E+00
6.51315E-06 0.00000E+00
6.37358E-06 0.00000E+00
6.23602E-06 0.00000E+00
6.10045E-06 0.00000E+00
5.96687E-06 0.00000E+00
5.83525E-06 0.00000E+00
5.70557E-06 0.00000E+00
5.57784E-06 0.00000E+00
5.45202E-06 0.00000E+00
5.32811E-06 0.00000E+00
5.20609E-06 0.00000E+00
5.08595E-06 0.00000E+00
4.96767E-06 0.00000E+00
4.85124E-06 0.00000E+00
4.73665E-06 0.00000E+00
4.62387E-06 0.00000E+00
4.51290E-06 0.00000E+00
4.40372E-06 0.00000E+00
4.29631E-06 0.00000E+00
4.19066E-06 0.00000E+00
4.08676E-06 0.00000E+00
3.98459E-06 0.00000E+00
3.88414E-06 0.00000E+00
3.78539E-06 0.00000E+00
3.68833E-06 0.00000E+00
3.59294E-06 0.00000E+00
3.49921E-06 0.00000E+00
3.40713E-06 0.00000E+00
3.31667E-06 0.00000E+00
3.22783E-06 0.00000E+00
3.14059E-06 0.00000E+00
3.05494E-06 0.00000E+00
2.97086E-06 0.00000E+00
2.88834E-06 0.00000E+00
2.80736E-06 0.00000E+00
2.72790E-06 0.00000E+00
2.64996E-06 0.00000E+00
2.57352E-06 0.00000E+00
2.49856E-06 0.00000E+00
2.42508E-06 0.00000E+00
2.35304E-06 0.00000E+00
2.28245E-06 0.00000E+00
2.21329E-06 0.00000E+00
2.14553E-06 0.00000E+00
2.07918E-06 0.00000E+00
2.01420E-06 0.00000E+00
1.95060E-06 0.00000E+00
1.88834E-06 0.00000E+00
1.82743E-06 0.00000E+00
1.76784E-06 0.00000E+00
1.70956E-06 0.00000E+00
1.65257E-06 0.00000E+00
1.59687E-06 0.00000E+00
1.54243E-06 0.00000E+00
1.48924E-06 0.00000E+00
1.43729E-06 0.00000E+00
1.38656E-06 0.00000E+00
1.33704E-06 0.00000E+00
1.28872E-06 0.00000E+00
1.24157E-06 0.00000E+00
1.19559E-06 0.00000E+00
1.15075E-06 0.00000E+00
1.10705E-06 0.00000E+00
1.06447E-06 0.00000E+00
1.02300E-06 0.00000E+00
9.82618E-07 0.00000E+00
9.43313E-07 0.00000E+00
9.05071E-07 0.00000E+00
8.67876E-07 0.00000E+00
8.31715E-07 0.00000E+00
7.96572E-07 0.00000E+00
7.62433E-07 0.00000E+00
7.29284E-07 0.00000E+00
6.97109E-07 0.00000E+00
6.65896E-07 0.00000E+00
6.35628E-07 0.00000E+00
6.06291E-07 0.00000E+00
5.77871E-07 0.00000E+00
5.50353E-07 0.00000E+00
5.23723E-07 0.00000E+00
4.97967E-07 0.00000E+00
4.73068E-07 0.00000E+00
4.49014E-07 0.00000E+00
4.25789E-07 0.00000E+00
4.03379E-07 0.00000E+00
3.81769E-07 0.00000E+00
3.60946E-07 0.00000E+00
3.40893E-07 0.00000E+00
3.21597E-07 0.00000E+00
3.03044E-07 0.00000E+00
2.85218E-07 0.00000E+00
2.68104E-07 0.00000E+00
2.51690E-07 0.00000E+00
2.35959E-07 0.00000E+00
2.20898E-07 0.00000E+00
2.06492E-07 0.00000E+00
1.92726E-07 0.00000E+00
1.79585E-07 0.00000E+00
1.67056E-07 0.00000E+00
1.55123E-07 0.00000E+00
1.43773E-07 0.00000E+00
1.32990E-07 0.00000E+00
1.22760E-07 0.00000E+00
1.13068E-07 0.00000E+00
1.03901E-07 0.00000E+00
9.52423E-08 0.00000E+00
8.70787E-08 0.00000E+00
7.93952E-08 0.00000E+00
7.21775E-08 0.00000E+00
6.54109E-08 0.00000E+00
5.90808E-08 0.00000E+00
5.31727E-08 0.00000E+00
4.76721E-08 0.00000E+00
4.25644E-08 0.00000E+00
3.78350E-08 0.00000E+00
3.34694E-08 0.00000E+00
2.94531E-08 0.00000E+00
2.57714E-08 0.00000E+00
2.24099E-08 0.00000E+00
1.93540E-08 0.00000E+00
1.65892E-08 0.00000E+00
1.41008E-08 0.00000E+00
1.18744E-08 0.00000E+00
9.89530E-09 0.00000E+00
8.14907E-09 0.00000E+00
6.62112E-09 0.00000E+00
5.29690E-09 0.00000E+00
4.16185E-09 0.00000E+00
3.20142E-09 0.00000E+00
2.40107E-09 0.00000E+00
1.74623E-09 0.00000E+00
1.22236E-09 0.00000E+00
8.14907E-10 0.00000E+00
5.09317E-10 0.00000E+00
2.91038E-10 0.00000E+00
1.45519E-10 0.00000E+00
5.82077E-11 0.00000E+00
1.45519E-11 0.00000E+00
