2.32831E-10 0.00000E+00
9.31323E-10 0.00000E+00
2.32831E-09 0.00000E+00
4.65661E-09 0.00000E+00
8.14907E-09 0.00000E+00
1.30385E-08 0.00000E+00
1.95578E-08 0.00000E+00
2.79397E-08 0.00000E+00
3.84171E-08 0.00000E+00
5.12227E-08 0.00000E+00
6.65896E-08 0.00000E+00
8.47504E-08 0.00000E+00
1.05938E-07 0.00000E+00
1.30385E-07 0.00000E+00
1.58325E-07 0.00000E+00
1.89990E-07 0.00000E+00
2.25613E-07 0.00000E+00
2.65427E-07 0.00000E+00
3.09665E-07 0.00000E+00
3.58559E-07 0.00000E+00
4.12343E-07 0.00000E+00
4.71249E-07 0.00000E+00
5.35510E-07 0.00000E+00
6.05360E-07 0.00000E+00
6.81030E-07 0.00000E+00
7.62753E-07 0.00000E+00
8.50763E-07 0.00000E+00
9.45292E-07 0.00000E+00
1.04657E-06 0.00000E+00
1.15484E-06 0.00000E+00
1.27032E-06 0.00000E+00
1.39326E-06 0.00000E+00
1.52388E-06 0.00000E+00
1.66241E-06 0.00000E+00
1.80909E-06 0.00000E+00
1.96416E-06 0.00000E+00
2.12784E-06 0.00000E+00
2.30037E-06 0.00000E+00
2.48197E-06 0.00000E+00
2.67290E-06 0.00000E+00
2.87336E-06 0.00000E+00
3.08361E-06 0.00000E+00
3.30387E-06 0.00000E+00
3.53437E-06 0.00000E+00
3.77535E-06 0.00000E+00
4.02704E-06 0.00000E+00
4.28967E-06 0.00000E+00
4.56348E-06 0.00000E+00
4.84870E-06 0.00000E+00
5.14556E-06 0.00000E+00
5.45429E-06 0.00000E+00
5.77513E-06 0.00000E+00
6.10831E-06 0.00000E+00
6.45407E-06 0.00000E+00
6.81262E-06 0.00000E+00
7.18422E-06 0.00000E+00
7.56909E-06 0.00000E+00
7.96746E-06 0.00000E+00
8.37957E-06 0.00000E+00
8.80565E-06 0.00000E+00
9.24594E-06 0.00000E+00
9.70066E-06 0.00000E+00
1.01700E-05 0.00000E+00
1.06543E-05 0.00000E+00
1.11538E-05 0.00000E+00
1.16685E-05 0.00000E+00
1.21989E-05 0.00000E+00
1.27451E-05 0.00000E+00
1.33074E-05 0.00000E+00
1.38860E-05 0.00000E+00
1.44811E-05 0.00000E+00
1.50930E-05 0.00000E+00
1.57219E-05 0.00000E+00
1.63680E-05 0.00000E+00
1.70316E-05 0.00000E+00
1.77128E-05 0.00000E+00
1.84120E-05 0.00000E+00
1.91294E-05 0.00000E+00
1.98651E-05 0.00000E+00
2.06195E-05 0.00000E+00
2.13927E-05 0.00000E+00
2.21850E-05 0.00000E+00
2.29967E-05 0.00000E+00
2.38279E-05 0.00000E+00
2.46789E-05 0.00000E+00
2.55499E-05 0.00000E+00
2.64412E-05 0.00000E+00
2.73529E-05 0.00000E+00
2.82854E-05 0.00000E+00
2.92389E-05 0.00000E+00
3.02135E-05 0.00000E+00
3.12096E-05 0.00000E+00
3.22273E-05 0.00000E+00
3.32668E-05 0.00000E+00
3.43286E-05 0.00000E+00
3.54126E-05 0.00000E+00
3.65193E-05 0.00000E+00
3.76487E-05 0.00000E+00
3.88012E-05 0.00000E+00
3.99770E-05 0.00000E+00
4.11763E-05 0.00000E+00
4.23994E-05 0.00000E+00
4.36464E-05 0.00000E+00
4.49177E-05 0.00000E+00
4.62134E-05 0.00000E+00
4.75338E-05 0.00000E+00
4.88791E-05 0.00000E+00
5.02495E-05 0.00000E+00
5.16453E-05 0.00000E+00
5.30668E-05 0.00000E+00
5.45140E-05 0.00000E+00
5.59874E-05 0.00000E+00
5.74871E-05 0.00000E+00
5.90133E-05 0.00000E+00
6.05662E-05 0.00000E+00
6.21462E-05 0.00000E+00
6.37535E-05 0.00000E+00
6.53882E-05 0.00000E+00
6.70506E-05 0.00000E+00
6.87409E-05 0.00000E+00
7.04594E-05 0.00000E+00
7.22064E-05 0.00000E+00
7.39819E-05 0.00000E+00
7.57864E-05 0.00000E+00
7.76199E-05 0.00000E+00
7.94828E-05 0.00000E+00
8.13752E-05 0.00000E+00
8.32975E-05 0.00000E+00
8.52498E-05 0.00000E+00
8.72323E-05 0.00000E+00
8.92454E-05 0.00000E+00
9.12892E-05 0.00000E+00
9.33639E-05 0.00000E+00
9.54699E-05 0.00000E+00
9.76073E-05 0.00000E+00
9.97763E-05 0.00000E+00
1.01977E-04 0.00000E+00
1.04210E-04 0.00000E+00
1.06476E-04 0.00000E+00
1.08774E-04 0.00000E+00
1.11105E-04 0.00000E+00
1.13469E-04 0.00000E+00
1.15866E-04 0.00000E+00
1.18297E-04 0.00000E+00
1.20761E-04 0.00000E+00
1.23260E-04 0.00000E+00
1.25792E-04 0.00000E+00
1.28360E-04 0.00000E+00
1.30961E-04 0.00000E+00
1.33598E-04 0.00000E+00
1.36270E-04 0.00000E+00
1.38978E-04 0.00000E+00
1.41721E-04 0.00000E+00
1.44499E-04 0.00000E+00
1.47314E-04 0.00000E+00
1.50166E-04 0.00000E+00
1.53053E-04 0.00000E+00
1.55978E-04 0.00000E+00
1.58940E-04 0.00000E+00
1.61938E-04 0.00000E+00
1.64975E-04 0.00000E+00
1.68049E-04 0.00000E+00
1.71161E-04 0.00000E+00
1.74311E-04 0.00000E+00
1.77500E-04 0.00000E+00
1.80727E-04 0.00000E+00
1.83993E-04 0.00000E+00
1.87298E-04 0.00000E+00
1.90643E-04 0.00000E+00
1.94027E-04 0.00000E+00
1.97451E-04 0.00000E+00
2.00915E-04 0.00000E+00
2.04419E-04 0.00000E+00
2.07964E-04 0.00000E+00
2.11550E-04 0.00000E+00
2.15176E-04 0.00000E+00
2.18844E-04 0.00000E+00
2.22553E-04 0.00000E+00
2.26304E-04 0.00000E+00
2.30097E-04 0.00000E+00
2.33932E-04 0.00000E+00
2.37809E-04 0.00000E+00
2.41729E-04 0.00000E+00
2.45692E-04 0.00000E+00
2.49698E-04 0.00000E+00
2.53747E-04 0.00000E+00
2.57840E-04 0.00000E+00
2.61976E-04 0.00000E+00
2.66157E-04 0.00000E+00
2.70382E-04 0.00000E+00
2.74651E-04 0.00000E+00
2.78965E-04 0.00000E+00
2.83323E-04 0.00000E+00
2.87727E-04 0.00000E+00
2.92177E-04 0.00000E+00
2.96672E-04 0.00000E+00
3.01213E-04 0.00000E+00
3.05800E-04 0.00000E+00
3.10433E-04 0.00000E+00
3.15113E-04 0.00000E+00
3.19840E-04 0.00000E+00
3.24613E-04 0.00000E+00
3.29434E-04 0.00000E+00
3.34303E-04 0.00000E+00
3.39219E-04 0.00000E+00
3.44183E-04 0.00000E+00
3.49196E-04 0.00000E+00
3.54256E-04 0.00000E+00
3.59366E-04 0.00000E+00
3.64524E-04 0.00000E+00
3.69732E-04 0.00000E+00
3.74989E-04 0.00000E+00
3.80295E-04 0.00000E+00
3.85651E-04 0.00000E+00
3.91058E-04 0.00000E+00
3.96514E-04 0.00000E+00
4.02021E-04 0.00000E+00
4.07579E-04 0.00000E+00
4.13188E-04 0.00000E+00
4.18848E-04 0.00000E+00
4.24560E-04 0.00000E+00
4.30323E-04 0.00000E+00
4.36138E-04 0.00000E+00
4.42006E-04 0.00000E+00
4.47925E-04 0.00000E+00
4.53898E-04 0.00000E+00
4.59923E-04 0.00000E+00
4.66001E-04 0.00000E+00
4.72133E-04 0.00000E+00
4.78318E-04 0.00000E+00
4.84557E-04 0.00000E+00
4.90850E-04 0.00000E+00
4.97197E-04 0.00000E+00
5.03599E-04 0.00000E+00
5.10055E-04 0.00000E+00
5.16566E-04 0.00000E+00
5.23133E-04 0.00000E+00
5.29755E-04 0.00000E+00
5.36432E-04 0.00000E+00
5.43166E-04 0.00000E+00
5.49956E-04 0.00000E+00
5.56801E-04 0.00000E+00
5.63704E-04 0.00000E+00
5.70663E-04 0.00000E+00
5.77680E-04 0.00000E+00
5.84753E-04 0.00000E+00
5.91884E-04 0.00000E+00
5.99073E-04 0.00000E+00
6.06320E-04 0.00000E+00
6.13625E-04 0.00000E+00
6.20989E-04 0.00000E+00
6.28411E-04 0.00000E+00
6.35892E-04 0.00000E+00
6.43432E-04 0.00000E+00
6.51032E-04 0.00000E+00
6.58691E-04 0.00000E+00
6.66409E-04 0.00000E+00
6.74185E-04 0.00000E+00
6.82019E-04 0.00000E+00
6.89910E-04 0.00000E+00
6.97857E-04 0.00000E+00
7.05859E-04 0.00000E+00
7.13916E-04 0.00000E+00
7.22026E-04 0.00000E+00
7.30191E-04 0.00000E+00
7.38407E-04 0.00000E+00
7.46676E-04 0.00000E+00
7.54996E-04 0.00000E+00
7.63367E-04 0.00000E+00
7.71787E-04 0.00000E+00
7.80256E-04 0.00000E+00
7.88774E-04 0.00000E+00
7.97340E-04 0.00000E+00
8.05953E-04 0.00000E+00
8.14612E-04 0.00000E+00
8.23316E-04 0.00000E+00
8.32066E-04 0.00000E+00
8.40859E-04 0.00000E+00
8.49697E-04 0.00000E+00
8.58577E-04 0.00000E+00
8.67499E-04 0.00000E+00
8.76463E-04 0.00000E+00
8.85468E-04 0.00000E+00
8.94512E-04 0.00000E+00
9.03596E-04 0.00000E+00
9.12718E-04 0.00000E+00
9.21879E-04 0.00000E+00
9.31077E-04 0.00000E+00
9.40311E-04 0.00000E+00
9.49581E-04 0.00000E+00
9.58886E-04 0.00000E+00
9.68226E-04 0.00000E+00
9.77600E-04 0.00000E+00
9.87006E-04 0.00000E+00
9.96445E-04 0.00000E+00
1.00592E-03 0.00000E+00
1.01542E-03 0.00000E+00
1.02495E-03 0.00000E+00
1.03451E-03 0.00000E+00
1.04410E-03 0.00000E+00
1.05372E-03 0.00000E+00
1.06337E-03 0.00000E+00
1.07304E-03 0.00000E+00
1.08274E-03 0.00000E+00
1.09246E-03 0.00000E+00
1.10221E-03 0.00000E+00
1.11198E-03 0.00000E+00
1.12178E-03 0.00000E+00
1.13160E-03 0.00000E+00
1.14144E-03 0.00000E+00
1.15130E-03 0.00000E+00
1.16118E-03 0.00000E+00
1.17108E-03 0.00000E+00
1.18101E-03 0.00000E+00
1.19095E-03 0.00000E+00
1.20090E-03 0.00000E+00
1.21088E-03 0.00000E+00
1.22087E-03 0.00000E+00
1.23087E-03 0.00000E+00
1.24089E-03 0.00000E+00
1.25093E-03 0.00000E+00
1.26098E-03 0.00000E+00
1.27104E-03 0.00000E+00
1.28111E-03 0.00000E+00
1.29120E-03 0.00000E+00
1.30129E-03 0.00000E+00
1.31140E-03 0.00000E+00
1.32152E-03 0.00000E+00
1.33164E-03 0.00000E+00
1.34177E-03 0.00000E+00
1.35191E-03 0.00000E+00
1.36205E-03 0.00000E+00
1.37221E-03 0.00000E+00
1.38236E-03 0.00000E+00
1.39252E-03 0.00000E+00
1.40269E-03 0.00000E+00
1.41285E-03 0.00000E+00
1.42302E-03 0.00000E+00
1.43320E-03 0.00000E+00
1.44337E-03 0.00000E+00
1.45354E-03 0.00000E+00
1.46371E-03 0.00000E+00
1.47388E-03 0.00000E+00
1.48405E-03 0.00000E+00
1.49422E-03 0.00000E+00
1.50438E-03 0.00000E+00
1.51454E-03 0.00000E+00
1.52470E-03 0.00000E+00
1.53485E-03 0.00000E+00
1.54499E-03 0.00000E+00
1.55513E-03 0.00000E+00
1.56526E-03 0.00000E+00
1.57538E-03 0.00000E+00
1.58549E-03 0.00000E+00
1.59559E-03 0.00000E+00
1.60568E-03 0.00000E+00
1.61576E-03 0.00000E+00
1.62583E-03 0.00000E+00
1.63589E-03 0.00000E+00
1.64594E-03 0.00000E+00
1.65597E-03 0.00000E+00
1.66598E-03 0.00000E+00
1.67598E-03 0.00000E+00
1.68597E-03 0.00000E+00
1.69594E-03 0.00000E+00
1.70589E-03 0.00000E+00
1.71582E-03 0.00000E+00
1.72574E-03 0.00000E+00
1.73563E-03 0.00000E+00
1.74551E-03 0.00000E+00
1.75536E-03 0.00000E+00
1.76520E-03 0.00000E+00
1.77501E-03 0.00000E+00
1.78480E-03 0.00000E+00
1.79456E-03 0.00000E+00
1.80430E-03 0.00000E+00
1.81402E-03 0.00000E+00
1.82371E-03 0.00000E+00
1.83337E-03 0.00000E+00
1.84301E-03 0.00000E+00
1.85262E-03 0.00000E+00
1.86220E-03 0.00000E+00
1.87175E-03 0.00000E+00
1.88127E-03 0.00000E+00
1.89076E-03 0.00000E+00
1.90022E-03 0.00000E+00
1.90965E-03 0.00000E+00
1.91905E-03 0.00000E+00
1.92841E-03 0.00000E+00
1.93774E-03 0.00000E+00
1.94703E-03 0.00000E+00
1.95629E-03 0.00000E+00
1.96551E-03 0.00000E+00
1.97470E-03 0.00000E+00
1.98385E-03 0.00000E+00
1.99295E-03 0.00000E+00
2.00203E-03 0.00000E+00
2.01106E-03 0.00000E+00
2.02005E-03 0.00000E+00
2.02900E-03 0.00000E+00
2.03791E-03 0.00000E+00
2.04677E-03 0.00000E+00
2.05560E-03 0.00000E+00
2.06437E-03 0.00000E+00
2.07311E-03 0.00000E+00
2.08180E-03 0.00000E+00
2.09044E-03 0.00000E+00
2.09904E-03 0.00000E+00
2.10759E-03 0.00000E+00
2.11609E-03 0.00000E+00
2.12454E-03 0.00000E+00
2.13295E-03 0.00000E+00
2.14130E-03 0.00000E+00
2.14960E-03 0.00000E+00
2.15786E-03 0.00000E+00
2.16606E-03 0.00000E+00
2.17420E-03 0.00000E+00
2.18229E-03 0.00000E+00
2.19033E-03 0.00000E+00
2.19832E-03 0.00000E+00
2.20625E-03 0.00000E+00
2.21412E-03 0.00000E+00
2.22193E-03 0.00000E+00
2.22969E-03 0.00000E+00
2.23739E-03 0.00000E+00
2.24503E-03 0.00000E+00
2.25261E-03 0.00000E+00
2.26013E-03 0.00000E+00
2.26758E-03 0.00000E+00
2.27498E-03 0.00000E+00
2.28231E-03 0.00000E+00
2.28958E-03 0.00000E+00
2.29679E-03 0.00000E+00
2.30393E-03 0.00000E+00
2.31100E-03 0.00000E+00
2.31801E-03 0.00000E+00
2.32496E-03 0.00000E+00
2.33183E-03 0.00000E+00
2.33864E-03 0.00000E+00
2.34538E-03 0.00000E+00
2.35205E-03 0.00000E+00
2.35864E-03 0.00000E+00
2.36517E-03 0.00000E+00
2.37163E-03 0.00000E+00
2.37801E-03 0.00000E+00
2.38432E-03 0.00000E+00
2.39056E-03 0.00000E+00
2.39672E-03 0.00000E+00
2.40280E-03 0.00000E+00
2.40881E-03 0.00000E+00
2.41475E-03 0.00000E+00
2.42061E-03 0.00000E+00
2.42638E-03 0.00000E+00
2.43208E-03 0.00000E+00
2.43770E-03 0.00000E+00
2.44324E-03 0.00000E+00
2.44870E-03 0.00000E+00
2.45408E-03 0.00000E+00
2.45938E-03 0.00000E+00
2.46459E-03 0.00000E+00
2.46972E-03 0.00000E+00
2.47477E-03 0.00000E+00
2.47973E-03 0.00000E+00
2.48460E-03 0.00000E+00
2.48939E-03 0.00000E+00
2.49409E-03 0.00000E+00
2.49870E-03 0.00000E+00
2.50323E-03 0.00000E+00
2.50766E-03 0.00000E+00
2.51201E-03 0.00000E+00
2.51627E-03 0.00000E+00
2.52043E-03 0.00000E+00
2.52450E-03 0.00000E+00
2.52848E-03 0.00000E+00
2.53237E-03 0.00000E+00
2.53616E-03 0.00000E+00
2.53986E-03 0.00000E+00
2.54346E-03 0.00000E+00
2.54696E-03 0.00000E+00
2.55037E-03 0.00000E+00
2.55368E-03 0.00000E+00
2.55689E-03 0.00000E+00
2.56001E-03 0.00000E+00
2.56302E-03 0.00000E+00
2.56594E-03 0.00000E+00
2.56875E-03 0.00000E+00
2.57146E-03 0.00000E+00
2.57407E-03 0.00000E+00
2.57657E-03 0.00000E+00
2.57898E-03 0.00000E+00
2.58127E-03 0.00000E+00
2.58347E-03 0.00000E+00
2.58555E-03 0.00000E+00
2.58753E-03 0.00000E+00
2.58940E-03 0.00000E+00
2.59117E-03 0.00000E+00
2.59282E-03 0.00000E+00
2.59437E-03 0.00000E+00
2.59580E-03 0.00000E+00
2.59713E-03 0.00000E+00
2.59834E-03 0.00000E+00
2.59944E-03 0.00000E+00
2.60043E-03 0.00000E+00
2.60131E-03 0.00000E+00
2.60207E-03 0.00000E+00
2.60271E-03 0.00000E+00
2.60324E-03 0.00000E+00
2.60365E-03 0.00000E+00
2.60395E-03 0.00000E+00
2.60413E-03 0.00000E+00
2.60419E-03 0.00000E+00
2.60413E-03 0.00000E+00
2.60395E-03 0.00000E+00
2.60365E-03 0.00000E+00
2.60324E-03 0.00000E+00
2.60271E-03 0.00000E+00
2.60207E-03 0.00000E+00
2.60131E-03 0.00000E+00
2.60043E-03 0.00000E+00
2.59944E-03 0.00000E+00
2.59834E-03 0.00000E+00
2.59713E-03 0.00000E+00
2.59580E-03 0.00000E+00
2.59437E-03 0.00000E+00
2.59282E-03 0.00000E+00
2.59117E-03 0.00000E+00
2.58940E-03 0.00000E+00
2.58753E-03 0.00000E+00
2.58555E-03 0.00000E+00
2.58347E-03 0.00000E+00
2.58127E-03 0.00000E+00
2.57898E-03 0.00000E+00
2.57657E-03 0.00000E+00
2.57407E-03 0.00000E+00
2.57146E-03 0.00000E+00
2.56875E-03 0.00000E+00
2.56594E-03 0.00000E+00
2.56302E-03 0.00000E+00
2.56001E-03 0.00000E+00
2.55689E-03 0.00000E+00
2.55368E-03 0.00000E+00
2.55037E-03 0.00000E+00
2.54696E-03 0.00000E+00
2.54346E-03 0.00000E+00
2.53986E-03 0.00000E+00
2.53616E-03 0.00000E+00
2.53237E-03 0.00000E+00
2.52848E-03 0.00000E+00
2.52450E-03 0.00000E+00
2.52043E-03 0.00000E+00
2.51627E-03 0.00000E+00
2.51201E-03 0.00000E+00
2.50766E-03 0.00000E+00
2.50323E-03 0.00000E+00
2.49870E-03 0.00000E+00
2.49409E-03 0.00000E+00
2.48939E-03 0.00000E+00
2.48460E-03 0.00000E+00
2.47973E-03 0.00000E+00
2.47477E-03 0.00000E+00
2.46972E-03 0.00000E+00
2.46459E-03 0.00000E+00
2.45938E-03 0.00000E+00
2.45408E-03 0.00000E+00
2.44870E-03 0.00000E+00
2.44324E-03 0.00000E+00
2.43770E-03 0.00000E+00
2.43208E-03 0.00000E+00
2.42638E-03 0.00000E+00
2.42061E-03 0.00000E+00
2.41475E-03 0.00000E+00
2.40881E-03 0.00000E+00
2.40280E-03 0.00000E+00
2.39672E-03 0.00000E+00
2.39056E-03 0.00000E+00
2.38432E-03 0.00000E+00
2.37801E-03 0.00000E+00
2.37163E-03 0.00000E+00
2.36517E-03 0.00000E+00
2.35864E-03 0.00000E+00
2.35205E-03 0.00000E+00
2.34538E-03 0.00000E+00
2.33864E-03 0.00000E+00
2.33183E-03 0.00000E+00
2.32496E-03 0.00000E+00
2.31801E-03 0.00000E+00
2.31100E-03 0.00000E+00
2.30393E-03 0.00000E+00
2.29679E-03 0.00000E+00
2.28958E-03 0.00000E+00
2.28231E-03 0.00000E+00
2.27498E-03 0.00000E+00
2.26758E-03 0.00000E+00
2.26013E-03 0.00000E+00
2.25261E-03 0.00000E+00
2.24503E-03 0.00000E+00
2.23739E-03 0.00000E+00
2.22969E-03 0.00000E+00
2.22193E-03 0.00000E+00
2.21412E-03 0.00000E+00
2.20625E-03 0.00000E+00
2.19832E-03 0.00000E+00
2.19033E-03 0.00000E+00
2.18229E-03 0.00000E+00
2.17420E-03 0.00000E+00
2.16606E-03 0.00000E+00
2.15786E-03 0.00000E+00
2.14960E-03 0.00000E+00
2.14130E-03 0.00000E+00
2.13295E-03 0.00000E+00
2.12454E-03 0.00000E+00
2.11609E-03 0.00000E+00
2.10759E-03 0.00000E+00
2.09904E-03 0.00000E+00
2.09044E-03 0.00000E+00
2.08180E-03 0.00000E+00
2.07311E-03 0.00000E+00
2.06437E-03 0.00000E+00
2.05560E-03 0.00000E+00
2.04677E-03 0.00000E+00
2.03791E-03 0.00000E+00
2.02900E-03 0.00000E+00
2.02005E-03 0.00000E+00
2.01106E-03 0.00000E+00
2.00203E-03 0.00000E+00
1.99295E-03 0.00000E+00
1.98385E-03 0.00000E+00
1.97470E-03 0.00000E+00
1.96551E-03 0.00000E+00
1.95629E-03 0.00000E+00
1.94703E-03 0.00000E+00
1.93774E-03 0.00000E+00
1.92841E-03 0.00000E+00
1.91905E-03 0.00000E+00
1.90965E-03 0.00000E+00
1.90022E-03 0.00000E+00
1.89076E-03 0.00000E+00
1.88127E-03 0.00000E+00
1.87175E-03 0.00000E+00
1.86220E-03 0.00000E+00
1.85262E-03 0.00000E+00
1.84301E-03 0.00000E+00
1.83337E-03 0.00000E+00
1.82371E-03 0.00000E+00
1.81402E-03 0.00000E+00
1.80430E-03 0.00000E+00
1.79456E-03 0.00000E+00
1.78480E-03 0.00000E+00
1.77501E-03 0.00000E+00
1.76520E-03 0.00000E+00
1.75536E-03 0.00000E+00
1.74551E-03 0.00000E+00
1.73563E-03 0.00000E+00
1.72574E-03 0.00000E+00
1.71582E-03 0.00000E+00
1.70589E-03 0.00000E+00
1.69594E-03 0.00000E+00
1.68597E-03 0.00000E+00
1.67598E-03 0.00000E+00
1.66598E-03 0.00000E+00
1.65597E-03 0.00000E+00
1.64594E-03 0.00000E+00
1.63589E-03 0.00000E+00
1.62583E-03 0.00000E+00
1.61576E-03 0.00000E+00
1.60568E-03 0.00000E+00
1.59559E-03 0.00000E+00
1.58549E-03 0.00000E+00
1.57538E-03 0.00000E+00
1.56526E-03 0.00000E+00
1.55513E-03 0.00000E+00
1.54499E-03 0.00000E+00
1.53485E-03 0.00000E+00
1.52470E-03 0.00000E+00
1.51454E-03 0.00000E+00
1.50438E-03 0.00000E+00
1.49422E-03 0.00000E+00
1.48405E-03 0.00000E+00
1.47388E-03 0.00000E+00
1.46371E-03 0.00000E+00
1.45354E-03 0.00000E+00
1.44337E-03 0.00000E+00
1.43320E-03 0.00000E+00
1.42302E-03 0.00000E+00
1.41285E-03 0.00000E+00
1.40269E-03 0.00000E+00
1.39252E-03 0.00000E+00
1.38236E-03 0.00000E+00
1.37221E-03 0.00000E+00
1.36205E-03 0.00000E+00
1.35191E-03 0.00000E+00
1.34177E-03 0.00000E+00
1.33164E-03 0.00000E+00
1.32152E-03 0.00000E+00
1.31140E-03 0.00000E+00
1.30129E-03 0.00000E+00
1.29120E-03 0.00000E+00
1.28111E-03 0.00000E+00
1.27104E-03 0.00000E+00
1.26098E-03 0.00000E+00
1.25093E-03 0.00000E+00
1.24089E-03 0.00000E+00
1.23087E-03 0.00000E+00
1.22087E-03 0.00000E+00
1.21088E-03 0.00000E+00
1.20090E-03 0.00000E+00
1.19095E-03 0.00000E+00
1.18101E-03 0.00000E+00
1.17108E-03 0.00000E+00
1.16118E-03 0.00000E+00
1.15130E-03 0.00000E+00
1.14144E-03 0.00000E+00
1.13160E-03 0.00000E+00
1.12178E-03 0.00000E+00
1.11198E-03 0.00000E+00
1.10221E-03 0.00000E+00
1.09246E-03 0.00000E+00
1.08274E-03 0.00000E+00
1.07304E-03 0.00000E+00
1.06337E-03 0.00000E+00
1.05372E-03 0.00000E+00
1.04410E-03 0.00000E+00
1.03451E-03 0.00000E+00
1.02495E-03 0.00000E+00
1.01542E-03 0.00000E+00
1.00592E-03 0.00000E+00
9.96445E-04 0.00000E+00
9.87006E-04 0.00000E+00
9.77600E-04 0.00000E+00
9.68226E-04 0.00000E+00
9.58886E-04 0.00000E+00
9.49581E-04 0.00000E+00
9.40311E-04 0.00000E+00
9.31077E-04 0.00000E+00
9.21879E-04 0.00000E+00
9.12718E-04 0.00000E+00
9.03596E-04 0.00000E+00
8.94512E-04 0.00000E+00
8.85468E-04 0.00000E+00
8.76463E-04 0.00000E+00
8.67499E-04 0.00000E+00
8.58577E-04 0.00000E+00
8.49697E-04 0.00000E+00
8.40859E-04 0.00000E+00
8.32066E-04 0.00000E+00
8.23316E-04 0.00000E+00
8.14612E-04 0.00000E+00
8.05953E-04 0.00000E+00
7.97340E-04 0.00000E+00
7.88774E-04 0.00000E+00
7.80256E-04 0.00000E+00
7.71787E-04 0.00000E+00
7.63367E-04 0.00000E+00
7.54996E-04 0.00000E+00
7.46676E-04 0.00000E+00
7.38407E-04 0.00000E+00
7.30191E-04 0.00000E+00
7.22026E-04 0.00000E+00
7.13916E-04 0.00000E+00
7.05859E-04 0.00000E+00
6.97857E-04 0.00000E+00
6.89910E-04 0.00000E+00
6.82019E-04 0.00000E+00
6.74185E-04 0.00000E+00
6.66409E-04 0.00000E+00
6.58691E-04 0.00000E+00
6.51032E-04 0.00000E+00
6.43432E-04 0.00000E+00
6.35892E-04 0.00000E+00
6.28411E-04 0.00000E+00
6.20989E-04 0.00000E+00
6.13625E-04 0.00000E+00
6.06320E-04 0.00000E+00
5.99073E-04 0.00000E+00
5.91884E-04 0.00000E+00
5.84753E-04 0.00000E+00
5.77680E-04 0.00000E+00
5.70663E-04 0.00000E+00
5.63704E-04 0.00000E+00
5.56801E-04 0.00000E+00
5.49956E-04 0.00000E+00
5.43166E-04 0.00000E+00
5.36432E-04 0.00000E+00
5.29755E-04 0.00000E+00
5.23133E-04 0.00000E+00
5.16566E-04 0.00000E+00
5.10055E-04 0.00000E+00
5.03599E-04 0.00000E+00
4.97197E-04 0.00000E+00
4.90850E-04 0.00000E+00
4.84557E-04 0.00000E+00
4.78318E-04 0.00000E+00
4.72133E-04 0.00000E+00
4.66001E-04 0.00000E+00
4.59923E-04 0.00000E+00
4.53898E-04 0.00000E+00
4.47925E-04 0.00000E+00
4.42006E-04 0.00000E+00
4.36138E-04 0.00000E+00
4.30323E-04 0.00000E+00
4.24560E-04 0.00000E+00
4.18848E-04 0.00000E+00
4.13188E-04 0.00000E+00
4.07579E-04 0.00000E+00
4.02021E-04 0.00000E+00
3.96514E-04 0.00000E+00
3.91058E-04 0.00000E+00
3.85651E-04 0.00000E+00
3.80295E-04 0.00000E+00
3.74989E-04 0.00000E+00
3.69732E-04 0.00000E+00
3.64524E-04 0.00000E+00
3.59366E-04 0.00000E+00
3.54256E-04 0.00000E+00
3.49196E-04 0.00000E+00
3.44183E-04 0.00000E+00
3.39219E-04 0.00000E+00
3.34303E-04 0.00000E+00
3.29434E-04 0.00000E+00
3.24613E-04 0.00000E+00
3.19840E-04 0.00000E+00
3.15113E-04 0.00000E+00
3.10433E-04 0.00000E+00
3.05800E-04 0.00000E+00
3.01213E-04 0.00000E+00
2.96672E-04 0.00000E+00
2.92177E-04 0.00000E+00
2.87727E-04 0.00000E+00
2.83323E-04 0.00000E+00
2.78965E-04 0.00000E+00
2.74651E-04 0.00000E+00
2.70382E-04 0.00000E+00
2.66157E-04 0.00000E+00
2.61976E-04 0.00000E+00
2.57840E-04 0.00000E+00
2.53747E-04 0.00000E+00
2.49698E-04 0.00000E+00
2.45692E-04 0.00000E+00
2.41729E-04 0.00000E+00
2.37809E-04 0.00000E+00
2.33932E-04 0.00000E+00
2.30097E-04 0.00000E+00
2.26304E-04 0.00000E+00
2.22553E-04 0.00000E+00
2.18844E-04 0.00000E+00
2.15176E-04 0.00000E+00
2.11550E-04 0.00000E+00
2.07964E-04 0.00000E+00
2.04419E-04 0.00000E+00
2.00915E-04 0.00000E+00
1.97451E-04 0.00000E+00
1.94027E-04 0.00000E+00
1.90643E-04 0.00000E+00
1.87298E-04 0.00000E+00
1.83993E-04 0.00000E+00
1.80727E-04 0.00000E+00
1.77500E-04 0.00000E+00
1.74311E-04 0.00000E+00
1.71161E-04 0.00000E+00
1.68049E-04 0.00000E+00
1.64975E-04 0.00000E+00
1.61938E-04 0.00000E+00
1.58940E-04 0.00000E+00
1.55978E-04 0.00000E+00
1.53053E-04 0.00000E+00
1.50166E-04 0.00000E+00
1.47314E-04 0.00000E+00
1.44499E-04 0.00000E+00
1.41721E-04 0.00000E+00
1.38978E-04 0.00000E+00
1.36270E-04 0.00000E+00
1.33598E-04 0.00000E+00
1.30961E-04 0.00000E+00
1.28360E-04 0.00000E+00
1.25792E-04 0.00000E+00
1.23260E-04 0.00000E+00
1.20761E-04 0.00000E+00
1.18297E-04 0.00000E+00
1.15866E-04 0.00000E+00
1.13469E-04 0.00000E+00
1.11105E-04 0.00000E+00
1.08774E-04 0.00000E+00
1.06476E-04 0.00000E+00
1.04210E-04 0.00000E+00
1.01977E-04 0.00000E+00
9.97763E-05 0.00000E+00
9.76073E-05 0.00000E+00
9.54699E-05 0.00000E+00
9.33639E-05 0.00000E+00
9.12892E-05 0.00000E+00
8.92454E-05 0.00000E+00
8.72323E-05 0.00000E+00
8.52498E-05 0.00000E+00
8.32975E-05 0.00000E+00
8.13752E-05 0.00000E+00
7.94828E-05 0.00000E+00
7.76199E-05 0.00000E+00
7.57864E-05 0.00000E+00
7.39819E-05 0.00000E+00
7.22064E-05 0.00000E+00
7.04594E-05 0.00000E+00
6.87409E-05 0.00000E+00
6.70506E-05 0.00000E+00
6.53882E-05 0.00000E+00
6.37535E-05 0.00000E+00
6.21462E-05 0.00000E+00
6.05662E-05 0.00000E+00
5.90133E-05 0.00000E+00
5.74871E-05 0.00000E+00
5.59874E-05 0.00000E+00
5.45140E-05 0.00000E+00
5.30668E-05 0.00000E+00
5.16453E-05 0.00000E+00
5.02495E-05 0.00000E+00
4.88791E-05 0.00000E+00
4.75338E-05 0.00000E+00
4.62134E-05 0.00000E+00
4.49177E-05 0.00000E+00
4.36464E-05 0.00000E+00
4.23994E-05 0.00000E+00
4.11763E-05 0.00000E+00
3.99770E-05 0.00000E+00
3.88012E-05 0.00000E+00
3.76487E-05 0.00000E+00
3.65193E-05 0.00000E+00
3.54126E-05 0.00000E+00
3.43286E-05 0.00000E+00
3.32668E-05 0.00000E+00
3.22273E-05 0.00000E+00
3.12096E-05 0.00000E+00
3.02135E-05 0.00000E+00
2.92389E-05 0.00000E+00
2.82854E-05 0.00000E+00
2.73529E-05 0.00000E+00
2.64412E-05 0.00000E+00
2.55499E-05 0.00000E+00
2.46789E-05 0.00000E+00
2.38279E-05 0.00000E+00
2.29967E-05 0.00000E+00
2.21850E-05 0.00000E+00
2.13927E-05 0.00000E+00
2.06195E-05 0.00000E+00
1.98651E-05 0.00000E+00
1.91294E-05 0.00000E+00
1.84120E-05 0.00000E+00
1.77128E-05 0.00000E+00
1.70316E-05 0.00000E+00
1.63680E-05 0.00000E+00
1.57219E-05 0.00000E+00
1.50930E-05 0.00000E+00
1.44811E-05 0.00000E+00
1.38860E-05 0.00000E+00
1.33074E-05 0.00000E+00
1.27451E-05 0.00000E+00
1.21989E-05 0.00000E+00
1.16685E-05 0.00000E+00
1.11538E-05 0.00000E+00
1.06543E-05 0.00000E+00
1.01700E-05 0.00000E+00
9.70066E-06 0.00000E+00
9.24594E-06 0.00000E+00
8.80565E-06 0.00000E+00
8.37957E-06 0.00000E+00
7.96746E-06 0.00000E+00
7.56909E-06 0.00000E+00
7.18422E-06 0.00000E+00
6.81262E-06 0.00000E+00
6.45407E-06 0.00000E+00
6.10831E-06 0.00000E+00
5.77513E-06 0.00000E+00
5.45429E-06 0.00000E+00
5.14556E-06 0.00000E+00
4.84870E-06 0.00000E+00
4.56348E-06 0.00000E+00
4.28967E-06 0.00000E+00
4.02704E-06 0.00000E+00
3.77535E-06 0.00000E+00
3.53437E-06 0.00000E+00
3.30387E-06 0.00000E+00
3.08361E-06 0.00000E+00
2.87336E-06 0.00000E+00
2.67290E-06 0.00000E+00
2.48197E-06 0.00000E+00
2.30037E-06 0.00000E+00
2.12784E-06 0.00000E+00
1.96416E-06 0.00000E+00
1.80909E-06 0.00000E+00
1.66241E-06 0.00000E+00
1.52388E-06 0.00000E+00
1.39326E-06 0.00000E+00
1.27032E-06 0.00000E+00
1.15484E-06 0.00000E+00
1.04657E-06 0.00000E+00
9.45292E-07 0.00000E+00
8.50763E-07 0.00000E+00
7.62753E-07 0.00000E+00
6.81030E-07 0.00000E+00
6.05360E-07 0.00000E+00
5.35510E-07 0.00000E+00
4.71249E-07 0.00000E+00
4.12343E-07 0.00000E+00
3.58559E-07 0.00000E+00
3.09665E-07 0.00000E+00
2.65427E-07 0.00000E+00
2.25613E-07 0.00000E+00
1.89990E-07 0.00000E+00
1.58325E-07 0.00000E+00
1.30385E-07 0.00000E+00
1.05938E-07 0.00000E+00
8.47504E-08 0.00000E+00
6.65896E-08 0.00000E+00
5.12227E-08 0.00000E+00
3.84171E-08 0.00000E+00
2.79397E-08 0.00000E+00
1.95578E-08 0.00000E+00
1.30385E-08 0.00000E+00
8.14907E-09 0.00000E+00
4.65661E-09 0.00000E+00
2.32831E-09 0.00000E+00
9.31323E-10 0.00000E+00
2.32831E-10 0.00000E+00
