3.72529E-09 0.00000E+00
1.49012E-08 0.00000E+00
3.72529E-08 0.00000E+00
7.45058E-08 0.00000E+00
1.30385E-07 0.00000E+00
2.08616E-07 0.00000E+00
3.12924E-07 0.00000E+00
4.47035E-07 0.00000E+00
6.14673E-07 0.00000E+00
8.19564E-07 0.00000E+00
1.06543E-06 0.00000E+00
1.35601E-06 0.00000E+00
1.69501E-06 0.00000E+00
2.08616E-06 0.00000E+00
2.53320E-06 0.00000E+00
3.03984E-06 0.00000E+00
3.60981E-06 0.00000E+00
4.24683E-06 0.00000E+00
4.95464E-06 0.00000E+00
5.73695E-06 0.00000E+00
6.59749E-06 0.00000E+00
7.53999E-06 0.00000E+00
8.56817E-06 0.00000E+00
9.68575E-06 0.00000E+00
1.08965E-05 0.00000E+00
1.22041E-05 0.00000E+00
1.36122E-05 0.00000E+00
1.51247E-05 0.00000E+00
1.67452E-05 0.00000E+00
1.84774E-05 0.00000E+00
2.03252E-05 0.00000E+00
2.22921E-05 0.00000E+00
2.43820E-05 0.00000E+00
2.65986E-05 0.00000E+00
2.89455E-05 0.00000E+00
3.14265E-05 0.00000E+00
3.40454E-05 0.00000E+00
3.68059E-05 0.00000E+00
3.97116E-05 0.00000E+00
4.27663E-05 0.00000E+00
4.59738E-05 0.00000E+00
4.93377E-05 0.00000E+00
5.28619E-05 0.00000E+00
5.65499E-05 0.00000E+00
6.04056E-05 0.00000E+00
6.44326E-05 0.00000E+00
6.86347E-05 0.00000E+00
7.30157E-05 0.00000E+00
7.75792E-05 0.00000E+00
8.23289E-05 0.00000E+00
8.72687E-05 0.00000E+00
9.24021E-05 0.00000E+00
9.77330E-05 0.00000E+00
1.03265E-04 0.00000E+00
1.09002E-04 0.00000E+00
1.14948E-04 0.00000E+00
1.21105E-04 0.00000E+00
1.27479E-04 0.00000E+00
1.34073E-04 0.00000E+00
1.40890E-04 0.00000E+00
1.47935E-04 0.00000E+00
1.55210E-04 0.00000E+00
1.62721E-04 0.00000E+00
1.70469E-04 0.00000E+00
1.78460E-04 0.00000E+00
1.86697E-04 0.00000E+00
1.95183E-04 0.00000E+00
2.03922E-04 0.00000E+00
2.12919E-04 0.00000E+00
2.22176E-04 0.00000E+00
2.31698E-04 0.00000E+00
2.41488E-04 0.00000E+00
2.51550E-04 0.00000E+00
2.61888E-04 0.00000E+00
2.72505E-04 0.00000E+00
2.83405E-04 0.00000E+00
2.94592E-04 0.00000E+00
3.06070E-04 0.00000E+00
3.17842E-04 0.00000E+00
3.29912E-04 0.00000E+00
3.42283E-04 0.00000E+00
3.54961E-04 0.00000E+00
3.67947E-04 0.00000E+00
3.81246E-04 0.00000E+00
3.94862E-04 0.00000E+00
4.08798E-04 0.00000E+00
4.23059E-04 0.00000E+00
4.37647E-04 0.00000E+00
4.52567E-04 0.00000E+00
4.67822E-04 0.00000E+00
4.83416E-04 0.00000E+00
4.99353E-04 0.00000E+00
5.15636E-04 0.00000E+00
5.32269E-04 0.00000E+00
5.49257E-04 0.00000E+00
5.66602E-04 0.00000E+00
5.84308E-04 0.00000E+00
6.02379E-04 0.00000E+00
6.20820E-04 0.00000E+00
6.39632E-04 0.00000E+00
6.58821E-04 0.00000E+00
6.78390E-04 0.00000E+00
6.98343E-04 0.00000E+00
7.18683E-04 0.00000E+00
7.39414E-04 0.00000E+00
7.60540E-04 0.00000E+00
7.82065E-04 0.00000E+00
8.03992E-04 0.00000E+00
8.26325E-04 0.00000E+00
8.49068E-04 0.00000E+00
8.72225E-04 0.00000E+00
8.95798E-04 0.00000E+00
9.19793E-04 0.00000E+00
9.44212E-04 0.00000E+00
9.69060E-04 0.00000E+00
9.94340E-04 0.00000E+00
1.02006E-03 0.00000E+00
1.04621E-03 0.00000E+00
1.07281E-03 0.00000E+00
1.09985E-03 0.00000E+00
1.12735E-03 0.00000E+00
1.15530E-03 0.00000E+00
1.18371E-03 0.00000E+00
1.21258E-03 0.00000E+00
1.24192E-03 0.00000E+00
1.27172E-03 0.00000E+00
1.30200E-03 0.00000E+00
1.33276E-03 0.00000E+00
1.36398E-03 0.00000E+00
1.39566E-03 0.00000E+00
1.42778E-03 0.00000E+00
1.46033E-03 0.00000E+00
1.49330E-03 0.00000E+00
1.52668E-03 0.00000E+00
1.56046E-03 0.00000E+00
1.59463E-03 0.00000E+00
1.62918E-03 0.00000E+00
1.66409E-03 0.00000E+00
1.69935E-03 0.00000E+00
1.73496E-03 0.00000E+00
1.77089E-03 0.00000E+00
1.80715E-03 0.00000E+00
1.84372E-03 0.00000E+00
1.88059E-03 0.00000E+00
1.91774E-03 0.00000E+00
1.95517E-03 0.00000E+00
1.99286E-03 0.00000E+00
2.03080E-03 0.00000E+00
2.06899E-03 0.00000E+00
2.10741E-03 0.00000E+00
2.14605E-03 0.00000E+00
2.18490E-03 0.00000E+00
2.22394E-03 0.00000E+00
2.26317E-03 0.00000E+00
2.30258E-03 0.00000E+00
2.34215E-03 0.00000E+00
2.38187E-03 0.00000E+00
2.42174E-03 0.00000E+00
2.46173E-03 0.00000E+00
2.50185E-03 0.00000E+00
2.54207E-03 0.00000E+00
2.58239E-03 0.00000E+00
2.62279E-03 0.00000E+00
2.66327E-03 0.00000E+00
2.70381E-03 0.00000E+00
2.74441E-03 0.00000E+00
2.78504E-03 0.00000E+00
2.82571E-03 0.00000E+00
2.86639E-03 0.00000E+00
2.90708E-03 0.00000E+00
2.94777E-03 0.00000E+00
2.98844E-03 0.00000E+00
3.02909E-03 0.00000E+00
3.06970E-03 0.00000E+00
3.11026E-03 0.00000E+00
3.15076E-03 0.00000E+00
3.19119E-03 0.00000E+00
3.23154E-03 0.00000E+00
3.27180E-03 0.00000E+00
3.31195E-03 0.00000E+00
3.35198E-03 0.00000E+00
3.39189E-03 0.00000E+00
3.43166E-03 0.00000E+00
3.47129E-03 0.00000E+00
3.51075E-03 0.00000E+00
3.55004E-03 0.00000E+00
3.58915E-03 0.00000E+00
3.62806E-03 0.00000E+00
3.66677E-03 0.00000E+00
3.70526E-03 0.00000E+00
3.74353E-03 0.00000E+00
3.78156E-03 0.00000E+00
3.81934E-03 0.00000E+00
3.85685E-03 0.00000E+00
3.89410E-03 0.00000E+00
3.93106E-03 0.00000E+00
3.96773E-03 0.00000E+00
4.00409E-03 0.00000E+00
4.04014E-03 0.00000E+00
4.07586E-03 0.00000E+00
4.11123E-03 0.00000E+00
4.14626E-03 0.00000E+00
4.18093E-03 0.00000E+00
4.21523E-03 0.00000E+00
4.24914E-03 0.00000E+00
4.28265E-03 0.00000E+00
4.31576E-03 0.00000E+00
4.34846E-03 0.00000E+00
4.38072E-03 0.00000E+00
4.41255E-03 0.00000E+00
4.44392E-03 0.00000E+00
4.47483E-03 0.00000E+00
4.50527E-03 0.00000E+00
4.53523E-03 0.00000E+00
4.56469E-03 0.00000E+00
4.59364E-03 0.00000E+00
4.62208E-03 0.00000E+00
4.64998E-03 0.00000E+00
4.67735E-03 0.00000E+00
4.70416E-03 0.00000E+00
4.73041E-03 0.00000E+00
4.75609E-03 0.00000E+00
4.78119E-03 0.00000E+00
4.80568E-03 0.00000E+00
4.82957E-03 0.00000E+00
4.85285E-03 0.00000E+00
4.87549E-03 0.00000E+00
4.89749E-03 0.00000E+00
4.91884E-03 0.00000E+00
4.93953E-03 0.00000E+00
4.95954E-03 0.00000E+00
4.97887E-03 0.00000E+00
4.99750E-03 0.00000E+00
5.01542E-03 0.00000E+00
5.03262E-03 0.00000E+00
5.04909E-03 0.00000E+00
5.06483E-03 0.00000E+00
5.07981E-03 0.00000E+00
5.09402E-03 0.00000E+00
5.10746E-03 0.00000E+00
5.12012E-03 0.00000E+00
5.13197E-03 0.00000E+00
5.14302E-03 0.00000E+00
5.15325E-03 0.00000E+00
5.16265E-03 0.00000E+00
5.17121E-03 0.00000E+00
5.17891E-03 0.00000E+00
5.18575E-03 0.00000E+00
5.19172E-03 0.00000E+00
5.19679E-03 0.00000E+00
5.20097E-03 0.00000E+00
5.20425E-03 0.00000E+00
5.20660E-03 0.00000E+00
5.20802E-03 0.00000E+00
5.20849E-03 0.00000E+00
5.20802E-03 0.00000E+00
5.20660E-03 0.00000E+00
5.20425E-03 0.00000E+00
5.20097E-03 0.00000E+00
5.19679E-03 0.00000E+00
5.19172E-03 0.00000E+00
5.18575E-03 0.00000E+00
5.17891E-03 0.00000E+00
5.17121E-03 0.00000E+00
5.16265E-03 0.00000E+00
5.15325E-03 0.00000E+00
5.14302E-03 0.00000E+00
5.13197E-03 0.00000E+00
5.12012E-03 0.00000E+00
5.10746E-03 0.00000E+00
5.09402E-03 0.00000E+00
5.07981E-03 0.00000E+00
5.06483E-03 0.00000E+00
5.04909E-03 0.00000E+00
5.03262E-03 0.00000E+00
5.01542E-03 0.00000E+00
4.99750E-03 0.00000E+00
4.97887E-03 0.00000E+00
4.95954E-03 0.00000E+00
4.93953E-03 0.00000E+00
4.91884E-03 0.00000E+00
4.89749E-03 0.00000E+00
4.87549E-03 0.00000E+00
4.85285E-03 0.00000E+00
4.82957E-03 0.00000E+00
4.80568E-03 0.00000E+00
4.78119E-03 0.00000E+00
4.75609E-03 0.00000E+00
4.73041E-03 0.00000E+00
4.70416E-03 0.00000E+00
4.67735E-03 0.00000E+00
4.64998E-03 0.00000E+00
4.62208E-03 0.00000E+00
4.59364E-03 0.00000E+00
4.56469E-03 0.00000E+00
4.53523E-03 0.00000E+00
4.50527E-03 0.00000E+00
4.47483E-03 0.00000E+00
4.44392E-03 0.00000E+00
4.41255E-03 0.00000E+00
4.38072E-03 0.00000E+00
4.34846E-03 0.00000E+00
4.31576E-03 0.00000E+00
4.28265E-03 0.00000E+00
4.24914E-03 0.00000E+00
4.21523E-03 0.00000E+00
4.18093E-03 0.00000E+00
4.14626E-03 0.00000E+00
4.11123E-03 0.00000E+00
4.07586E-03 0.00000E+00
4.04014E-03 0.00000E+00
4.00409E-03 0.00000E+00
3.96773E-03 0.00000E+00
3.93106E-03 0.00000E+00
3.89410E-03 0.00000E+00
3.85685E-03 0.00000E+00
3.81934E-03 0.00000E+00
3.78156E-03 0.00000E+00
3.74353E-03 0.00000E+00
3.70526E-03 0.00000E+00
3.66677E-03 0.00000E+00
3.62806E-03 0.00000E+00
3.58915E-03 0.00000E+00
3.55004E-03 0.00000E+00
3.51075E-03 0.00000E+00
3.47129E-03 0.00000E+00
3.43166E-03 0.00000E+00
3.39189E-03 0.00000E+00
3.35198E-03 0.00000E+00
3.31195E-03 0.00000E+00
3.27180E-03 0.00000E+00
3.23154E-03 0.00000E+00
3.19119E-03 0.00000E+00
3.15076E-03 0.00000E+00
3.11026E-03 0.00000E+00
3.06970E-03 0.00000E+00
3.02909E-03 0.00000E+00
2.98844E-03 0.00000E+00
2.94777E-03 0.00000E+00
2.90708E-03 0.00000E+00
2.86639E-03 0.00000E+00
2.82571E-03 0.00000E+00
2.78504E-03 0.00000E+00
2.74441E-03 0.00000E+00
2.70381E-03 0.00000E+00
2.66327E-03 0.00000E+00
2.62279E-03 0.00000E+00
2.58239E-03 0.00000E+00
2.54207E-03 0.00000E+00
2.50185E-03 0.00000E+00
2.46173E-03 0.00000E+00
2.42174E-03 0.00000E+00
2.38187E-03 0.00000E+00
2.34215E-03 0.00000E+00
2.30258E-03 0.00000E+00
2.26317E-03 0.00000E+00
2.22394E-03 0.00000E+00
2.18490E-03 0.00000E+00
2.14605E-03 0.00000E+00
2.10741E-03 0.00000E+00
2.06899E-03 0.00000E+00
2.03080E-03 0.00000E+00
1.99286E-03 0.00000E+00
1.95517E-03 0.00000E+00
1.91774E-03 0.00000E+00
1.88059E-03 0.00000E+00
1.84372E-03 0.00000E+00
1.80715E-03 0.00000E+00
1.77089E-03 0.00000E+00
1.73496E-03 0.00000E+00
1.69935E-03 0.00000E+00
1.66409E-03 0.00000E+00
1.62918E-03 0.00000E+00
1.59463E-03 0.00000E+00
1.56046E-03 0.00000E+00
1.52668E-03 0.00000E+00
1.49330E-03 0.00000E+00
1.46033E-03 0.00000E+00
1.42778E-03 0.00000E+00
1.39566E-03 0.00000E+00
1.36398E-03 0.00000E+00
1.33276E-03 0.00000E+00
1.30200E-03 0.00000E+00
1.27172E-03 0.00000E+00
1.24192E-03 0.00000E+00
1.21258E-03 0.00000E+00
1.18371E-03 0.00000E+00
1.15530E-03 0.00000E+00
1.12735E-03 0.00000E+00
1.09985E-03 0.00000E+00
1.07281E-03 0.00000E+00
1.04621E-03 0.00000E+00
1.02006E-03 0.00000E+00
9.94340E-04 0.00000E+00
9.69060E-04 0.00000E+00
9.44212E-04 0.00000E+00
9.19793E-04 0.00000E+00
8.95798E-04 0.00000E+00
8.72225E-04 0.00000E+00
8.49068E-04 0.00000E+00
8.26325E-04 0.00000E+00
8.03992E-04 0.00000E+00
7.82065E-04 0.00000E+00
7.60540E-04 0.00000E+00
7.39414E-04 0.00000E+00
7.18683E-04 0.00000E+00
6.98343E-04 0.00000E+00
6.78390E-04 0.00000E+00
6.58821E-04 0.00000E+00
6.39632E-04 0.00000E+00
6.20820E-04 0.00000E+00
6.02379E-04 0.00000E+00
5.84308E-04 0.00000E+00
5.66602E-04 0.00000E+00
5.49257E-04 0.00000E+00
5.32269E-04 0.00000E+00
5.15636E-04 0.00000E+00
4.99353E-04 0.00000E+00
4.83416E-04 0.00000E+00
4.67822E-04 0.00000E+00
4.52567E-04 0.00000E+00
4.37647E-04 0.00000E+00
4.23059E-04 0.00000E+00
4.08798E-04 0.00000E+00
3.94862E-04 0.00000E+00
3.81246E-04 0.00000E+00
3.67947E-04 0.00000E+00
3.54961E-04 0.00000E+00
3.42283E-04 0.00000E+00
3.29912E-04 0.00000E+00
3.17842E-04 0.00000E+00
3.06070E-04 0.00000E+00
2.94592E-04 0.00000E+00
2.83405E-04 0.00000E+00
2.72505E-04 0.00000E+00
2.61888E-04 0.00000E+00
2.51550E-04 0.00000E+00
2.41488E-04 0.00000E+00
2.31698E-04 0.00000E+00
2.22176E-04 0.00000E+00
2.12919E-04 0.00000E+00
2.03922E-04 0.00000E+00
1.95183E-04 0.00000E+00
1.86697E-04 0.00000E+00
1.78460E-04 0.00000E+00
1.70469E-04 0.00000E+00
1.62721E-04 0.00000E+00
1.55210E-04 0.00000E+00
1.47935E-04 0.00000E+00
1.40890E-04 0.00000E+00
1.34073E-04 0.00000E+00
1.27479E-04 0.00000E+00
1.21105E-04 0.00000E+00
1.14948E-04 0.00000E+00
1.09002E-04 0.00000E+00
1.03265E-04 0.00000E+00
9.77330E-05 0.00000E+00
9.24021E-05 0.00000E+00
8.72687E-05 0.00000E+00
8.23289E-05 0.00000E+00
7.75792E-05 0.00000E+00
7.30157E-05 0.00000E+00
6.86347E-05 0.00000E+00
6.44326E-05 0.00000E+00
6.04056E-05 0.00000E+00
5.65499E-05 0.00000E+00
5.28619E-05 0.00000E+00
4.93377E-05 0.00000E+00
4.59738E-05 0.00000E+00
4.27663E-05 0.00000E+00
3.97116E-05 0.00000E+00
3.68059E-05 0.00000E+00
3.40454E-05 0.00000E+00
3.14265E-05 0.00000E+00
2.89455E-05 0.00000E+00
2.65986E-05 0.00000E+00
2.43820E-05 0.00000E+00
2.22921E-05 0.00000E+00
2.03252E-05 0.00000E+00
1.84774E-05 0.00000E+00
1.67452E-05 0.00000E+00
1.51247E-05 0.00000E+00
1.36122E-05 0.00000E+00
1.22041E-05 0.00000E+00
1.08965E-05 0.00000E+00
9.68575E-06 0.00000E+00
8.56817E-06 0.00000E+00
7.53999E-06 0.00000E+00
6.59749E-06 0.00000E+00
5.73695E-06 0.00000E+00
4.95464E-06 0.00000E+00
4.24683E-06 0.00000E+00
3.60981E-06 0.00000E+00
3.03984E-06 0.00000E+00
2.53320E-06 0.00000E+00
2.08616E-06 0.00000E+00
1.69501E-06 0.00000E+00
1.35601E-06 0.00000E+00
1.06543E-06 0.00000E+00
8.19564E-07 0.00000E+00
6.14673E-07 0.00000E+00
4.47035E-07 0.00000E+00
3.12924E-07 0.00000E+00
2.08616E-07 0.00000E+00
1.30385E-07 0.00000E+00
7.45058E-08 0.00000E+00
3.72529E-08 0.00000E+00
1.49012E-08 0.00000E+00
3.72529E-09 0.00000E+00
